"","fips_code","civilian_labor_force_2018","employed_2018","unemployed_2018","unemployment_rate_2018","civilian_labor_force_2019","employed_2019","unemployed_2019","unemployment_rate_2019","civilian_labor_force_2020","employed_2020","unemployed_2020","unemployment_rate_2020","civilian_labor_force_2021","employed_2021","unemployed_2021","unemployment_rate_2021","civilian_labor_force_2022","employed_2022","unemployed_2022","unemployment_rate_2022"
"1","01001",26471,25515,956,3.6,26696,25927,769,2.9,26425,25023,1402,5.3,26545,25809,736,2.8,26789,26181,608,2.3
"2","01003",96235,92734,3501,3.6,98965,96069,2896,2.9,98979,92893,6086,6.1,99953,97034,2919,2.9,102849,100432,2417,2.4
"3","01005",8505,8068,437,5.1,8641,8294,347,4,8684,8017,667,7.7,8280,7821,459,5.5,8241,7906,335,4.1
"4","01007",8697,8351,346,4,8777,8491,286,3.3,8717,8085,632,7.3,8641,8347,294,3.4,8726,8507,219,2.5
"5","01009",25333,24445,888,3.5,25592,24867,725,2.8,25136,24010,1126,4.5,25377,24779,598,2.4,25796,25222,574,2.2
"6","01011",4843,4617,226,4.7,4864,4674,190,3.9,4880,4589,291,6,4637,4455,182,3.9,4554,4426,128,2.8
"7","01013",9069,8639,430,4.7,9321,8958,363,3.9,9238,8357,881,9.5,8819,8367,452,5.1,8804,8503,301,3.4
"8","01015",46800,44636,2164,4.6,46828,45076,1752,3.7,47047,43434,3613,7.7,46368,44497,1871,4,46140,44741,1399,3
"9","01017",15529,14924,605,3.9,16000,15506,494,3.1,16102,14907,1195,7.4,15790,15220,570,3.6,15933,15523,410,2.6
"10","01019",11810,11389,421,3.6,11911,11549,362,3,11682,11090,592,5.1,11686,11390,296,2.5,11696,11422,274,2.3
"11","01021",19830,19114,716,3.6,20155,19573,582,2.9,19951,18868,1083,5.4,20004,19443,561,2.8,20266,19806,460,2.3
"12","01023",4799,4537,262,5.5,4724,4491,233,4.9,4700,4357,343,7.3,4567,4370,197,4.3,4298,4133,165,3.8
"13","01025",7742,7167,575,7.4,7721,7253,468,6.1,7898,7127,771,9.8,7736,7286,450,5.8,7694,7309,385,5
"14","01027",6074,5842,232,3.8,6164,5970,194,3.1,6146,5874,272,4.4,6048,5884,164,2.7,6130,5991,139,2.3
"15","01029",5855,5607,248,4.2,5865,5670,195,3.3,5857,5564,293,5,5913,5761,152,2.6,6141,5993,148,2.4
"16","01031",21230,20395,835,3.9,22086,21410,676,3.1,22025,20970,1055,4.8,21624,21017,607,2.8,21597,21049,548,2.5
"17","01033",23795,22704,1091,4.6,24091,23137,954,4,23907,22186,1721,7.2,23609,22690,919,3.9,23842,23120,722,3
"18","01035",4560,4324,236,5.2,4573,4382,191,4.2,4583,4220,363,7.9,4390,4182,208,4.7,4242,4092,150,3.5
"19","01037",4473,4289,184,4.1,4577,4433,144,3.1,4431,4163,268,6,4371,4238,133,3,4459,4346,113,2.5
"20","01039",15818,15095,723,4.6,15796,15222,574,3.6,15352,14522,830,5.4,15233,14775,458,3,15152,14753,399,2.6
"21","01041",6435,6175,260,4,6537,6342,195,3,6375,5980,395,6.2,6131,5929,202,3.3,5977,5820,157,2.6
"22","01043",38511,37249,1262,3.3,39146,38070,1076,2.7,38896,37049,1847,4.7,38931,38020,911,2.3,39337,38525,812,2.1
"23","01045",20474,19619,855,4.2,20929,20237,692,3.3,20944,19824,1120,5.3,20974,20315,659,3.1,21052,20500,552,2.6
"24","01047",15042,14067,975,6.5,14907,14048,859,5.8,14834,13111,1723,11.6,13965,12977,988,7.1,13749,13055,694,5
"25","01049",30611,29446,1165,3.8,31641,30703,938,3,31314,29766,1548,4.9,31002,30215,787,2.5,31146,30416,730,2.3
"26","01051",37985,36678,1307,3.4,37822,36776,1046,2.8,37690,35711,1979,5.3,37873,36860,1013,2.7,38234,37395,839,2.2
"27","01053",14578,13918,660,4.5,14851,14297,554,3.7,14612,13633,979,6.7,14142,13576,566,4,14231,13789,442,3.1
"28","01055",43707,41919,1788,4.1,43148,41614,1534,3.6,41430,37969,3461,8.4,39439,37863,1576,4,39274,38085,1189,3
"29","01057",6600,6331,269,4.1,6687,6467,220,3.3,6670,6304,366,5.5,6642,6439,203,3.1,6591,6411,180,2.7
"30","01059",14442,13906,536,3.7,14822,14388,434,2.9,14579,13865,714,4.9,14352,13990,362,2.5,14565,14223,342,2.3
"31","01061",10989,10555,434,3.9,11105,10758,347,3.1,11038,10537,501,4.5,11069,10762,307,2.8,11267,10997,270,2.4
"32","01063",2891,2699,192,6.6,2939,2766,173,5.9,3093,2732,361,11.7,2900,2711,189,6.5,2740,2620,120,4.4
"33","01065",6043,5737,306,5.1,6175,5917,258,4.2,6165,5537,628,10.2,5913,5589,324,5.5,5961,5729,232,3.9
"34","01067",6903,6597,306,4.4,6992,6726,266,3.8,6914,6545,369,5.3,6930,6711,219,3.2,7053,6862,191,2.7
"35","01069",46065,44204,1861,4,47035,45535,1500,3.2,47252,44465,2787,5.9,47193,45617,1576,3.3,48000,46756,1244,2.6
"36","01071",23662,22694,968,4.1,23703,22873,830,3.5,23106,21760,1346,5.8,23072,22415,657,2.8,23185,22602,583,2.5
"37","01073",319162,307307,11855,3.7,321835,312050,9785,3,320567,298906,21661,6.8,320324,308963,11361,3.5,323290,314943,8347,2.6
"38","01075",5804,5584,220,3.8,5895,5702,193,3.3,5791,5482,309,5.3,5708,5538,170,3,5724,5569,155,2.7
"39","01077",42841,41052,1789,4.2,43132,41634,1498,3.5,42678,40088,2590,6.1,42365,41045,1320,3.1,42919,41788,1131,2.6
"40","01079",14194,13605,589,4.1,14458,13976,482,3.3,14539,13757,782,5.4,14503,14085,418,2.9,14737,14382,355,2.4
"41","01081",76033,73270,2763,3.6,77578,75334,2244,2.9,76586,72200,4386,5.7,77205,75043,2162,2.8,79466,77595,1871,2.4
"42","01083",43428,41888,1540,3.5,44967,43697,1270,2.8,45930,43793,2137,4.7,46983,45845,1138,2.4,48335,47322,1013,2.1
"43","01085",3654,3388,266,7.3,3560,3343,217,6.1,3722,3187,535,14.4,3586,3275,311,8.7,3506,3324,182,5.2
"44","01087",7946,7517,429,5.4,7986,7629,357,4.5,8186,7338,848,10.4,7937,7478,459,5.8,7862,7563,299,3.8
"45","01089",183468,177115,6353,3.5,187839,182702,5137,2.7,189778,180147,9631,5.1,193877,188817,5060,2.6,199231,194989,4242,2.1
"46","01091",7690,7310,380,4.9,7805,7515,290,3.7,7867,7330,537,6.8,7643,7323,320,4.2,7611,7351,260,3.4
"47","01093",12754,12236,518,4.1,12955,12475,480,3.7,13300,12564,736,5.5,13488,13111,377,2.8,13808,13464,344,2.5
"48","01095",43376,41914,1462,3.4,44748,43576,1172,2.6,44822,42766,2056,4.6,44898,43831,1067,2.4,45464,44531,933,2.1
"49","01097",191026,182105,8921,4.7,191819,184282,7537,3.9,195131,178433,16698,8.6,190714,181908,8806,4.6,192312,186073,6239,3.2
"50","01099",7265,6821,444,6.1,7445,7066,379,5.1,7627,6954,673,8.8,7368,6963,405,5.5,7300,7001,299,4.1
"51","01101",107078,102805,4273,4,107771,104251,3520,3.3,108365,99200,9165,8.5,107330,102321,5009,4.7,107183,103886,3297,3.1
"52","01103",57761,55747,2014,3.5,59205,57589,1616,2.7,59785,56858,2927,4.9,59785,58258,1527,2.6,60820,59548,1272,2.1
"53","01105",3448,3224,224,6.5,3438,3249,189,5.5,3452,3043,409,11.8,3206,2953,253,7.9,3083,2921,162,5.3
"54","01107",7829,7470,359,4.6,8032,7734,298,3.7,7692,7139,553,7.2,7545,7242,303,4,7681,7431,250,3.3
"55","01109",15422,14726,696,4.5,15577,15037,540,3.5,15851,14999,852,5.4,16084,15575,509,3.2,16115,15674,441,2.7
"56","01111",9683,9295,388,4,9648,9335,313,3.2,9578,9077,501,5.2,9490,9232,258,2.7,9692,9454,238,2.5
"57","01113",24275,23299,976,4,24086,23330,756,3.1,23836,22482,1354,5.7,23440,22726,714,3,23708,23091,617,2.6
"58","01115",40540,39131,1409,3.5,41339,40158,1181,2.9,41421,39209,2212,5.3,41602,40523,1079,2.6,42213,41285,928,2.2
"59","01117",115828,112545,3283,2.8,118217,115471,2746,2.3,117987,113068,4919,4.2,119405,116886,2519,2.1,121349,119126,2223,1.8
"60","01119",4872,4589,283,5.8,4835,4602,233,4.8,4782,4417,365,7.6,4549,4349,200,4.4,4597,4435,162,3.5
"61","01121",35709,34188,1521,4.3,36231,34921,1310,3.6,36454,33656,2798,7.7,35915,34460,1455,4.1,36362,35239,1123,3.1
"62","01123",18150,17399,751,4.1,18746,18150,596,3.2,18214,16848,1366,7.5,17982,17271,711,4,17593,17091,502,2.9
"63","01125",103587,99819,3768,3.6,106601,103555,3046,2.9,103837,96371,7466,7.2,101686,98093,3593,3.5,103432,100816,2616,2.5
"64","01127",25398,24321,1077,4.2,25553,24659,894,3.5,25225,23619,1606,6.4,25324,24423,901,3.6,25568,24864,704,2.8
"65","01129",6783,6390,393,5.8,6812,6475,337,4.9,6823,6229,594,8.7,6547,6248,299,4.6,6565,6326,239,3.6
"66","01131",2787,2523,264,9.5,2755,2548,207,7.5,2918,2453,465,15.9,2631,2356,275,10.5,2528,2331,197,7.8
"67","01133",9914,9499,415,4.2,10285,9924,361,3.5,10277,9748,529,5.1,10116,9838,278,2.7,10271,10020,251,2.4
"68","02013",2316,2250,66,2.8,2552,2492,60,2.4,2513,2409,104,4.1,2443,2382,61,2.5,2434,2386,48,2
"69","02016",3639,3521,118,3.2,3646,3529,117,3.2,3835,3653,182,4.7,3516,3381,135,3.8,3480,3373,107,3.1
"70","02020",150748,143152,7596,5,148736,141891,6845,4.6,147314,135690,11624,7.9,149953,141113,8840,5.9,151342,146302,5040,3.3
"71","02050",7136,6287,849,11.9,7102,6257,845,11.9,6992,6132,860,12.3,6884,5984,900,13.1,6680,6091,589,8.8
"72","02060",447,422,25,5.6,450,425,25,5.6,394,363,31,7.9,446,421,25,5.6,422,404,18,4.3
"73","02068",1064,986,78,7.3,1101,1017,84,7.6,648,535,113,17.4,811,726,85,10.5,997,934,63,6.3
"74","02070",2018,1867,151,7.5,1984,1839,145,7.3,1722,1570,152,8.8,1688,1548,140,8.3,1665,1572,93,5.6
"75","02090",45868,43444,2424,5.3,45402,43193,2209,4.9,44612,41615,2997,6.7,45067,42741,2326,5.2,45385,43716,1669,3.7
"76","02100",1102,1004,98,8.9,1133,1039,94,8.3,1025,857,168,16.4,1032,916,116,11.2,1058,988,70,6.6
"77","02110",17206,16511,695,4,17256,16556,700,4.1,16316,15169,1147,7,16801,15994,807,4.8,17387,16904,483,2.8
"78","02122",26564,24690,1874,7.1,26508,24843,1665,6.3,26661,24111,2550,9.6,27777,25747,2030,7.3,28188,26918,1270,4.5
"79","02130",7028,6638,390,5.5,7010,6610,400,5.7,6487,5824,663,10.2,6567,6083,484,7.4,6786,6529,257,3.8
"80","02150",6151,5817,334,5.4,5975,5671,304,5.1,6070,5664,406,6.7,5974,5580,394,6.6,5983,5723,260,4.3
"81","02158",2681,2187,494,18.4,2660,2177,483,18.2,2291,1815,476,20.8,2364,1903,461,19.5,2254,1963,291,12.9
"82","02164",744,668,76,10.2,711,645,66,9.3,613,543,70,11.4,654,597,57,8.7,638,601,37,5.8
"83","02170",48082,44743,3339,6.9,48281,45242,3039,6.3,48442,44198,4244,8.8,49399,46004,3395,6.9,49942,47639,2303,4.6
"84","02180",4101,3668,433,10.6,4032,3622,410,10.2,3943,3507,436,11.1,4038,3645,393,9.7,4138,3854,284,6.9
"85","02185",3413,3197,216,6.3,3554,3346,208,5.9,3164,2969,195,6.2,2906,2717,189,6.5,2969,2820,149,5
"86","02188",2924,2550,374,12.8,2912,2532,380,13,2943,2568,375,12.7,2867,2538,329,11.5,2787,2537,250,9
"87","02220",4370,4204,166,3.8,4405,4240,165,3.7,4123,3822,301,7.3,4457,4252,205,4.6,4529,4404,125,2.8
"88","02240",2943,2681,262,8.9,2877,2641,236,8.2,2949,2720,229,7.8,3220,3006,214,6.6,3252,3083,169,5.2
"89","02282",248,229,19,7.7,251,234,17,6.8,279,255,24,8.6,311,289,22,7.1,312,296,16,5.1
"90","02290",2542,2193,349,13.7,2448,2128,320,13.1,2338,2041,297,12.7,2431,2132,299,12.3,2363,2177,186,7.9
"91","04001",19921,17949,1972,9.9,19794,17822,1972,10,19585,17105,2480,12.7,18917,17184,1733,9.2,18688,17253,1435,7.7
"92","04003",48079,45396,2683,5.6,48756,45960,2796,5.7,50270,46788,3482,6.9,49009,46533,2476,5.1,48819,46666,2153,4.4
"93","04005",73976,69914,4062,5.5,74740,70485,4255,5.7,72315,65369,6946,9.6,71853,67427,4426,6.2,74051,70842,3209,4.3
"94","04007",20753,19550,1203,5.8,20753,19585,1168,5.6,20432,18882,1550,7.6,20440,19384,1056,5.2,20410,19559,851,4.2
"95","04009",14393,13663,730,5.1,14955,14225,730,4.9,15470,14505,965,6.2,15730,15053,677,4.3,16113,15534,579,3.6
"96","04011",4141,3970,171,4.1,4345,4173,172,4,4324,4094,230,5.3,4364,4183,181,4.1,4766,4630,136,2.9
"97","04012",8645,8108,537,6.2,8998,8465,533,5.9,8757,8139,618,7.1,8622,8161,461,5.3,8906,8487,419,4.7
"98","04013",2154368,2065371,88997,4.1,2228930,2136668,92262,4.1,2266227,2100505,165722,7.3,2320686,2213563,107123,4.6,2380680,2301171,79509,3.3
"99","04015",82532,77849,4683,5.7,84532,79631,4901,5.8,86297,77769,8528,9.9,87413,82426,4987,5.7,89853,85787,4066,4.5
"100","04017",39095,36096,2999,7.7,39461,36512,2949,7.5,39345,35402,3943,10,39418,36799,2619,6.6,39644,37589,2055,5.2
"101","04019",470435,449635,20800,4.4,482230,460541,21689,4.5,481295,444630,36665,7.6,483156,458436,24720,5.1,489775,471177,18598,3.8
"102","04021",174703,165995,8708,5,184037,174871,9166,5,188734,174798,13936,7.4,193183,183710,9473,4.9,199232,191531,7701,3.9
"103","04023",18714,16997,1717,9.2,18992,17355,1637,8.6,18862,16722,2140,11.3,18914,17246,1668,8.8,18887,17464,1423,7.5
"104","04025",101624,97126,4498,4.4,103261,98594,4667,4.5,103874,96213,7661,7.4,105227,100681,4546,4.3,107575,103849,3726,3.5
"105","04027",94341,78393,15948,16.9,96985,80821,16164,16.7,95256,78932,16324,17.1,93648,81412,12236,13.1,97765,85496,12269,12.5
"106","05001",9016,8717,299,3.3,9405,9127,278,3,9312,8931,381,4.1,9351,9030,321,3.4,9344,9038,306,3.3
"107","05003",7782,7373,409,5.3,7648,7240,408,5.3,7091,6415,676,9.5,6769,6275,494,7.3,6779,6406,373,5.5
"108","05005",16284,15618,666,4.1,16201,15560,641,4,16365,15366,999,6.1,16239,15619,620,3.8,16572,15979,593,3.6
"109","05007",133818,129967,3851,2.9,138076,134489,3587,2.6,142227,135842,6385,4.5,144313,140227,4086,2.8,151719,148103,3616,2.4
"110","05009",15801,15253,548,3.5,15943,15441,502,3.1,15651,14808,843,5.4,15757,15277,480,3,15896,15438,458,2.9
"111","05011",4455,4263,192,4.3,4447,4266,181,4.1,4311,4052,259,6,4072,3877,195,4.8,4093,3889,204,5
"112","05013",2427,2335,92,3.8,2417,2312,105,4.3,2384,2257,127,5.3,2374,2293,81,3.4,2372,2298,74,3.1
"113","05015",12530,12130,400,3.2,12728,12336,392,3.1,12572,11845,727,5.8,12657,12219,438,3.5,12552,12182,370,2.9
"114","05017",3337,3112,225,6.7,3230,3009,221,6.8,3175,2836,339,10.7,3039,2780,259,8.5,2987,2801,186,6.2
"115","05019",9633,9281,352,3.7,9626,9263,363,3.8,9145,8589,556,6.1,8768,8347,421,4.8,8532,8147,385,4.5
"116","05021",5767,5517,250,4.3,5630,5358,272,4.8,5476,5137,339,6.2,5389,5172,217,4,5446,5229,217,4
"117","05023",9066,8660,406,4.5,9158,8750,408,4.5,9080,8375,705,7.8,8948,8527,421,4.7,8986,8605,381,4.2
"118","05025",3246,3122,124,3.8,3220,3095,125,3.9,3215,3017,198,6.2,3106,2980,126,4.1,3093,2973,120,3.9
"119","05027",8962,8543,419,4.7,9134,8733,401,4.4,8944,8319,625,7,8761,8288,473,5.4,8832,8447,385,4.4
"120","05029",8117,7766,351,4.3,8235,7884,351,4.3,8314,7801,513,6.2,8262,7913,349,4.2,8411,8096,315,3.7
"121","05031",54180,52546,1634,3,55771,54231,1540,2.8,55924,52892,3032,5.4,56455,54602,1853,3.3,57622,56034,1588,2.8
"122","05033",26815,25870,945,3.5,26696,25820,876,3.3,26322,24863,1459,5.5,25890,24948,942,3.6,26319,25473,846,3.2
"123","05035",21057,20151,906,4.3,21081,20192,889,4.2,20850,19069,1781,8.5,20399,19285,1114,5.5,20626,19791,835,4
"124","05037",7402,7100,302,4.1,7348,7043,305,4.2,7171,6724,447,6.2,6982,6673,309,4.4,6978,6721,257,3.7
"125","05039",2829,2711,118,4.2,2805,2677,128,4.6,2784,2631,153,5.5,2760,2645,115,4.2,2737,2627,110,4
"126","05041",5389,5149,240,4.5,5368,5132,236,4.4,5223,4847,376,7.2,4928,4633,295,6,4969,4707,262,5.3
"127","05043",7792,7415,377,4.8,7773,7375,398,5.1,7619,7080,539,7.1,7475,7094,381,5.1,7445,7117,328,4.4
"128","05045",61614,59635,1979,3.2,62466,60621,1845,3,61390,57974,3416,5.6,61389,59233,2156,3.5,63157,61304,1853,2.9
"129","05047",7334,7075,259,3.5,7467,7221,246,3.3,7395,6969,426,5.8,7273,6999,274,3.8,7450,7201,249,3.3
"130","05049",4789,4599,190,4,4944,4748,196,4,4865,4609,256,5.3,4911,4728,183,3.7,5017,4847,170,3.4
"131","05051",40542,38924,1618,4,41160,39650,1510,3.7,41218,37877,3341,8.1,41667,39624,2043,4.9,42272,40662,1610,3.8
"132","05053",8276,8022,254,3.1,8366,8103,263,3.1,8205,7771,434,5.3,8196,7929,267,3.3,8468,8206,262,3.1
"133","05055",19709,19030,679,3.4,19908,19224,684,3.4,19371,18191,1180,6.1,19309,18631,678,3.5,19800,19155,645,3.3
"134","05057",9882,9540,342,3.5,9846,9475,371,3.8,9503,8997,506,5.3,9117,8790,327,3.6,9356,9050,306,3.3
"135","05059",13870,13353,517,3.7,13952,13453,499,3.6,13933,13108,825,5.9,13854,13311,543,3.9,13839,13353,486,3.5
"136","05061",5865,5666,199,3.4,5646,5465,181,3.2,5481,5199,282,5.1,5460,5278,182,3.3,5399,5219,180,3.3
"137","05063",16188,15538,650,4,16454,15807,647,3.9,16522,15549,973,5.9,16356,15712,644,3.9,16589,16032,557,3.4
"138","05065",4840,4577,263,5.4,4870,4607,263,5.4,4598,4201,397,8.6,4412,4171,241,5.5,4502,4269,233,5.2
"139","05067",5744,5399,345,6,5768,5397,371,6.4,5778,5352,426,7.4,5571,5273,298,5.3,5513,5240,273,5
"140","05069",27851,26407,1444,5.2,27451,25971,1480,5.4,26998,24773,2225,8.2,26081,24379,1702,6.5,25654,24318,1336,5.2
"141","05071",10328,9862,466,4.5,10199,9739,460,4.5,10011,9365,646,6.5,9798,9329,469,4.8,10101,9684,417,4.1
"142","05073",2474,2348,126,5.1,2440,2328,112,4.6,2389,2202,187,7.8,2314,2179,135,5.8,2319,2208,111,4.8
"143","05075",6780,6516,264,3.9,6789,6512,277,4.1,6722,6299,423,6.3,6709,6419,290,4.3,6841,6597,244,3.6
"144","05077",2882,2745,137,4.8,2801,2677,124,4.4,2713,2501,212,7.8,2547,2403,144,5.7,2568,2450,118,4.6
"145","05079",3984,3815,169,4.2,3873,3707,166,4.3,3823,3591,232,6.1,3725,3552,173,4.6,3710,3544,166,4.5
"146","05081",5429,5146,283,5.2,5486,5253,233,4.2,5285,4933,352,6.7,5187,4948,239,4.6,5205,5004,201,3.9
"147","05083",8683,8338,345,4,8463,8100,363,4.3,8566,7983,583,6.8,8337,7981,356,4.3,8303,7986,317,3.8
"148","05085",33966,32897,1069,3.1,34008,32924,1084,3.2,33424,31534,1890,5.7,33331,32203,1128,3.4,34281,33310,971,2.8
"149","05087",7300,7090,210,2.9,7352,7165,187,2.5,7315,7022,293,4,7478,7243,235,3.1,7803,7609,194,2.5
"150","05089",6451,6187,264,4.1,6616,6354,262,4,6186,5778,408,6.6,6076,5812,264,4.3,6305,6070,235,3.7
"151","05091",19398,18471,927,4.8,19595,18801,794,4.1,19100,17751,1349,7.1,18760,17834,926,4.9,18764,18032,732,3.9
"152","05093",17238,16271,967,5.6,17249,16381,868,5,17062,15483,1579,9.3,16233,15080,1153,7.1,16376,15517,859,5.2
"153","05095",2726,2611,115,4.2,2733,2618,115,4.2,2688,2505,183,6.8,2610,2469,141,5.4,2556,2443,113,4.4
"154","05097",3033,2891,142,4.7,2957,2821,136,4.6,2925,2718,207,7.1,2885,2742,143,5,2865,2728,137,4.8
"155","05099",3625,3500,125,3.4,3626,3485,141,3.9,3500,3289,211,6,3350,3211,139,4.1,3443,3308,135,3.9
"156","05101",3282,3172,110,3.4,3296,3182,114,3.5,3145,2981,164,5.2,3178,3078,100,3.1,3204,3108,96,3
"157","05103",9701,9258,443,4.6,9769,9273,496,5.1,9714,9113,601,6.2,9647,9261,386,4,9656,9279,377,3.9
"158","05105",4221,4047,174,4.1,4278,4106,172,4,4090,3856,234,5.7,4115,3944,171,4.2,4229,4075,154,3.6
"159","05107",6535,6141,394,6,6312,5942,370,5.9,6226,5642,584,9.4,5829,5381,448,7.7,5609,5257,352,6.3
"160","05109",4273,4100,173,4,4214,4055,159,3.8,4215,3960,255,6,4199,4012,187,4.5,4081,3930,151,3.7
"161","05111",10070,9687,383,3.8,9957,9617,340,3.4,9683,9132,551,5.7,9801,9418,383,3.9,9990,9652,338,3.4
"162","05113",8017,7690,327,4.1,8016,7684,332,4.1,7904,7364,540,6.8,7722,7372,350,4.5,7870,7582,288,3.7
"163","05115",28812,27544,1268,4.4,28839,27616,1223,4.2,27514,25850,1664,6,27139,26036,1103,4.1,27695,26624,1071,3.9
"164","05117",3534,3399,135,3.8,3582,3430,152,4.2,3567,3372,195,5.5,3536,3404,132,3.7,3546,3441,105,3
"165","05119",187319,180881,6438,3.4,188189,181855,6334,3.4,187277,173081,14196,7.6,185928,176789,9139,4.9,189654,183049,6605,3.5
"166","05121",7120,6838,282,4,7254,6977,277,3.8,7354,6908,446,6.1,7270,6977,293,4,7248,7002,246,3.4
"167","05123",8236,7820,416,5.1,8129,7716,413,5.1,7923,7284,639,8.1,7625,7153,472,6.2,7592,7221,371,4.9
"168","05125",58322,56548,1774,3,59076,57438,1638,2.8,58198,55203,2995,5.1,58254,56393,1861,3.2,60040,58385,1655,2.8
"169","05127",4363,4206,157,3.6,4296,4153,143,3.3,4291,4095,196,4.6,4173,4030,143,3.4,4230,4111,119,2.8
"170","05129",2907,2782,125,4.3,2885,2756,129,4.5,2840,2654,186,6.5,2889,2763,126,4.4,2875,2746,129,4.5
"171","05131",56461,54466,1995,3.5,56382,54554,1828,3.2,55695,52300,3395,6.1,54536,52482,2054,3.8,55312,53598,1714,3.1
"172","05133",5562,5309,253,4.5,5483,5223,260,4.7,5471,5145,326,6,5338,5097,241,4.5,5438,5227,211,3.9
"173","05135",5748,5475,273,4.7,5718,5438,280,4.9,5645,5232,413,7.3,5634,5353,281,5,5842,5601,241,4.1
"174","05137",4759,4546,213,4.5,4702,4482,220,4.7,4566,4235,331,7.2,4514,4283,231,5.1,4590,4399,191,4.2
"175","05139",15873,15007,866,5.5,15672,14864,808,5.2,15424,14109,1315,8.5,14934,14024,910,6.1,14840,14129,711,4.8
"176","05141",5850,5543,307,5.2,5736,5454,282,4.9,5699,5283,416,7.3,5816,5530,286,4.9,5960,5705,255,4.3
"177","05143",121768,118601,3167,2.6,123993,120975,3018,2.4,126006,120107,5899,4.7,127763,124018,3745,2.9,134071,130955,3116,2.3
"178","05145",33411,31963,1448,4.3,33670,32182,1488,4.4,33606,31453,2153,6.4,33654,32280,1374,4.1,34288,33086,1202,3.5
"179","05147",2784,2654,130,4.7,2749,2607,142,5.2,2790,2624,166,5.9,2751,2611,140,5.1,2806,2708,98,3.5
"180","05149",8435,8085,350,4.1,8325,7996,329,4,7829,7420,409,5.2,7796,7478,318,4.1,7941,7636,305,3.8
"181","06001",841578,815841,25737,3.1,843043,817987,25056,3,819689,746490,73199,8.9,812967,763473,49494,6.1,825606,798404,27202,3.3
"182","06003",547,522,25,4.6,542,514,28,5.2,515,455,60,11.7,513,471,42,8.2,501,474,27,5.4
"183","06005",14672,14070,602,4.1,14834,14254,580,3.9,14502,13142,1360,9.4,14399,13392,1007,7,14350,13716,634,4.4
"184","06007",101813,96658,5155,5.1,98123,93097,5026,5.1,93416,84666,8750,9.4,92217,85857,6360,6.9,91978,87878,4100,4.5
"185","06009",21165,20310,855,4,21358,20538,820,3.8,21395,19725,1670,7.8,21605,20356,1249,5.8,22266,21455,811,3.6
"186","06011",10845,9412,1433,13.2,10989,9573,1416,12.9,10644,8894,1750,16.4,10669,9331,1338,12.5,10221,9035,1186,11.6
"187","06013",560322,542300,18022,3.2,560966,543515,17451,3.1,547376,498091,49285,9,543996,509294,34702,6.4,551477,532060,19417,3.5
"188","06015",9711,9155,556,5.7,9636,9076,560,5.8,9447,8535,912,9.7,9351,8641,710,7.6,9363,8884,479,5.1
"189","06017",91032,87721,3311,3.6,92335,89061,3274,3.5,91063,83355,7708,8.5,91879,86553,5326,5.8,93382,90231,3151,3.4
"190","06019",446175,412405,33770,7.6,451318,418386,32932,7.3,446507,394472,52035,11.7,444507,403870,40637,9.1,453183,424273,28910,6.4
"191","06021",12767,11927,840,6.6,13009,12206,803,6.2,12784,11633,1151,9,12628,11741,887,7,12861,12175,686,5.3
"192","06023",62538,60272,2266,3.6,62240,59978,2262,3.6,59871,54757,5114,8.5,58907,55194,3713,6.3,59520,57147,2373,4
"193","06025",71112,57756,13356,18.8,73647,58403,15244,20.7,71686,55464,16222,22.6,69015,56963,12052,17.5,70004,59736,10268,14.7
"194","06027",8704,8363,341,3.9,8772,8459,313,3.6,8335,7670,665,8,8259,7767,492,6,8261,7955,306,3.7
"195","06029",385729,354554,31175,8.1,388812,358380,30432,7.8,387111,337439,49672,12.8,385852,347572,38280,9.9,391736,364575,27161,6.9
"196","06031",57494,52968,4526,7.9,57924,53322,4602,7.9,57116,50344,6772,11.9,55457,50082,5375,9.7,56448,52499,3949,7
"197","06033",29071,27532,1539,5.3,29063,27576,1487,5.1,28513,25729,2784,9.8,28445,26275,2170,7.6,28530,27116,1414,5
"198","06035",9854,9379,475,4.8,9735,9282,453,4.7,9430,8734,696,7.4,9155,8598,557,6.1,8948,8549,399,4.5
"199","06037",5119846,4882328,237518,4.6,5151546,4920831,230715,4.5,4960339,4350509,609830,12.3,4993482,4547611,445871,8.9,4984846,4739924,244922,4.9
"200","06039",61255,56902,4353,7.1,62210,57893,4317,6.9,62067,55166,6901,11.1,62230,56756,5474,8.8,63447,59559,3888,6.1
"201","06041",139710,136304,3406,2.4,138885,135647,3238,2.3,130901,122013,8888,6.8,129479,123589,5890,4.5,131664,128169,3495,2.7
"202","06043",7650,7241,409,5.3,7637,7286,351,4.6,7217,6414,803,11.1,7052,6494,558,7.9,7291,6965,326,4.5
"203","06045",39456,37877,1579,4,38741,37188,1553,4,37232,33848,3384,9.1,36821,34503,2318,6.3,37183,35653,1530,4.1
"204","06047",115230,105539,9691,8.4,115962,106504,9458,8.2,115723,101215,14508,12.5,115207,103311,11896,10.3,115605,106730,8875,7.7
"205","06049",3155,2916,239,7.6,3180,2953,227,7.1,3186,2906,280,8.8,3196,2966,230,7.2,3177,3003,174,5.5
"206","06051",8426,8084,342,4.1,8522,8204,318,3.7,7899,6946,953,12.1,8304,7736,568,6.8,8669,8345,324,3.7
"207","06053",221894,207720,14174,6.4,221584,207616,13968,6.3,214623,190693,23930,11.1,212225,194669,17556,8.3,220475,207384,13091,5.9
"208","06055",73781,71596,2185,3,73378,71264,2114,2.9,69024,62851,6173,8.9,68555,64394,4161,6.1,71001,68724,2277,3.2
"209","06057",48567,46860,1707,3.5,48499,46867,1632,3.4,46869,43061,3808,8.1,47368,44691,2677,5.7,48473,46809,1664,3.4
"210","06059",1616144,1568273,47871,3,1616766,1571261,45505,2.8,1566866,1426971,139895,8.9,1560697,1467342,93355,6,1590882,1540561,50321,3.2
"211","06061",185634,179689,5945,3.2,188986,183074,5912,3.1,187363,173393,13970,7.5,189577,179955,9622,5.1,193823,187891,5932,3.1
"212","06063",7814,7222,592,7.6,7892,7281,611,7.7,7643,6799,844,11,7481,6776,705,9.4,7428,6946,482,6.5
"213","06065",1090135,1041689,48446,4.4,1108093,1061450,46643,4.2,1121076,1008036,113040,10.1,1133045,1050042,83003,7.3,1152096,1104077,48019,4.2
"214","06067",704243,676904,27339,3.9,711747,685309,26438,3.7,712190,644827,67363,9.5,719721,669851,49870,6.9,728310,699774,28536,3.9
"215","06069",31200,29616,1584,5.1,32324,30711,1613,5,32612,29382,3230,9.9,31831,29506,2325,7.3,32480,30856,1624,5
"216","06071",955090,915841,39249,4.1,967128,929765,37363,3.9,974715,880887,93828,9.6,992229,918611,73618,7.4,1008492,967151,41341,4.1
"217","06073",1579787,1526622,53165,3.4,1583579,1532211,51368,3.2,1547325,1401923,145402,9.4,1547828,1447539,100289,6.5,1589551,1534802,54749,3.4
"218","06075",568725,555086,13639,2.4,580914,568049,12865,2.2,560097,515631,44466,7.9,548615,520788,27827,5.1,572583,557983,14600,2.5
"219","06077",324138,304333,19805,6.1,327149,307694,19455,5.9,335423,296890,38533,11.5,336882,307953,28929,8.6,344418,326351,18067,5.2
"220","06079",140108,135892,4216,3,139905,135854,4051,2.9,134417,123926,10491,7.8,135428,128208,7220,5.3,137203,133048,4155,3
"221","06081",449009,438908,10101,2.2,457390,447922,9468,2.1,439455,409040,30415,6.9,433387,413318,20069,4.6,453379,442415,10964,2.4
"222","06083",215242,206714,8528,4,222769,214665,8104,3.6,218934,201111,17823,8.1,219871,207164,12707,5.8,223717,215888,7829,3.5
"223","06085",1042538,1014970,27568,2.6,1050634,1024216,26418,2.5,1025616,952499,73117,7.1,1012385,963744,48641,4.8,1040856,1013288,27568,2.6
"224","06087",141274,134222,7052,5,141396,134445,6951,4.9,135102,121979,13123,9.7,133124,123902,9222,6.9,134175,127787,6388,4.8
"225","06089",73892,70188,3704,5,72978,69475,3503,4.8,73403,66863,6540,8.9,72994,67951,5043,6.9,73134,69783,3351,4.6
"226","06091",1277,1200,77,6,1330,1259,71,5.3,1289,1182,107,8.3,1308,1228,80,6.1,1320,1265,55,4.2
"227","06093",17362,16190,1172,6.8,17191,16068,1123,6.5,17000,15297,1703,10,16704,15349,1355,8.1,16632,15682,950,5.7
"228","06095",209059,200807,8252,3.9,208505,200578,7927,3.8,202218,182483,19735,9.8,200674,185789,14885,7.4,202274,193768,8506,4.2
"229","06097",260634,253387,7247,2.8,257679,250679,7000,2.7,246215,226415,19800,8,243679,230168,13511,5.5,248277,240509,7768,3.1
"230","06099",243055,227309,15746,6.5,242927,228115,14812,6.1,242490,215869,26621,11,240200,220161,20039,8.3,242276,229135,13141,5.4
"231","06101",44834,41410,3424,7.6,45547,42175,3372,7.4,45601,40420,5181,11.4,45375,41316,4059,8.9,46329,43293,3036,6.6
"232","06103",25485,24023,1462,5.7,25602,24156,1446,5.6,25724,23386,2338,9.1,25616,23772,1844,7.2,25735,24487,1248,4.8
"233","06105",4674,4406,268,5.7,4652,4396,256,5.5,4550,4176,374,8.2,4556,4267,289,6.3,4572,4362,210,4.6
"234","06107",202987,183129,19858,9.8,202458,182695,19763,9.8,202865,175567,27298,13.5,201229,179892,21337,10.6,207469,190526,16943,8.2
"235","06109",21188,20198,990,4.7,20975,20018,957,4.6,20223,18078,2145,10.6,20102,18642,1460,7.3,19877,18990,887,4.5
"236","06111",423096,406894,16202,3.8,422283,406924,15359,3.6,410872,374964,35908,8.7,407465,382236,25229,6.2,413641,398421,15220,3.7
"237","06113",107546,102922,4624,4.3,108162,103663,4499,4.2,105028,96867,8161,7.8,106662,100331,6331,5.9,108984,104576,4408,4
"238","06115",29239,27355,1884,6.4,29798,27965,1833,6.2,30773,27494,3279,10.7,30980,28369,2611,8.4,31596,29856,1740,5.5
"239","08001",266910,258313,8597,3.2,271550,263838,7712,2.8,270477,250200,20277,7.5,278583,261265,17318,6.2,282167,272672,9495,3.4
"240","08003",8490,8171,319,3.8,8433,8146,287,3.4,8316,7824,492,5.9,8098,7616,482,6,8187,7890,297,3.6
"241","08005",357074,346421,10653,3,362376,352924,9452,2.6,360185,333757,26428,7.3,370311,348866,21445,5.8,375538,363967,11571,3.1
"242","08007",6810,6591,219,3.2,6857,6648,209,3,7043,6549,494,7,6938,6573,365,5.3,6979,6759,220,3.2
"243","08009",2154,2117,37,1.7,2142,2107,35,1.6,2086,2040,46,2.2,2038,1991,47,2.3,2062,2026,36,1.7
"244","08011",1890,1833,57,3,1854,1804,50,2.7,1790,1719,71,4,1773,1656,117,6.6,1774,1711,63,3.6
"245","08013",191193,186140,5053,2.6,194187,189792,4395,2.3,190895,179951,10944,5.7,197814,189093,8721,4.4,201848,196759,5089,2.5
"246","08014",39247,38180,1067,2.7,40209,39253,956,2.4,40436,37978,2458,6.1,41544,39652,1892,4.6,42504,41398,1106,2.6
"247","08015",9540,9300,240,2.5,9711,9486,225,2.3,9648,9078,570,5.9,9671,9245,426,4.4,9825,9559,266,2.7
"248","08017",1131,1112,19,1.7,1130,1112,18,1.6,1084,1060,24,2.2,1063,1037,26,2.4,1051,1031,20,1.9
"249","08019",5926,5759,167,2.8,6018,5875,143,2.4,5966,5485,481,8.1,6074,5737,337,5.5,6163,5982,181,2.9
"250","08021",4062,3901,161,4,4133,3989,144,3.5,4006,3797,209,5.2,3914,3713,201,5.1,3971,3844,127,3.2
"251","08023",1824,1749,75,4.1,1856,1785,71,3.8,1813,1690,123,6.8,1798,1683,115,6.4,1785,1711,74,4.1
"252","08025",1479,1419,60,4.1,1544,1481,63,4.1,1441,1367,74,5.1,1388,1310,78,5.6,1370,1318,52,3.8
"253","08027",2065,1994,71,3.4,2049,1989,60,2.9,2087,1990,97,4.6,2233,2137,96,4.3,2311,2243,68,2.9
"254","08029",14284,13749,535,3.7,14237,13778,459,3.2,14164,13298,866,6.1,13670,12892,778,5.7,13282,12802,480,3.6
"255","08031",408108,396073,12035,2.9,417049,406197,10852,2.6,420069,387997,32072,7.6,430927,405515,25412,5.9,436588,423094,13494,3.1
"256","08033",1139,1108,31,2.7,1138,1105,33,2.9,1135,1063,72,6.3,1122,1066,56,5,1148,1114,34,3
"257","08035",190120,185084,5036,2.6,196099,191594,4505,2.3,196251,185851,10400,5.3,202593,194188,8405,4.1,207841,202637,5204,2.5
"258","08037",35835,34935,900,2.5,36381,35587,794,2.2,35394,32261,3133,8.9,34608,32944,1664,4.8,34793,33882,911,2.6
"259","08039",14908,14520,388,2.6,15223,14902,321,2.1,15012,14366,646,4.3,15609,15004,605,3.9,16017,15629,388,2.4
"260","08041",332289,320130,12159,3.7,338652,327886,10766,3.2,342131,319056,23075,6.7,354358,334200,20158,5.7,358771,347092,11679,3.3
"261","08043",14912,14188,724,4.9,14952,14289,663,4.4,15225,14131,1094,7.2,14916,13803,1113,7.5,14389,13711,678,4.7
"262","08045",32099,31147,952,3,32399,31550,849,2.6,31416,29430,1986,6.3,30460,28914,1546,5.1,30903,29975,928,3
"263","08047",3693,3606,87,2.4,3800,3716,84,2.2,3932,3508,424,10.8,3908,3671,237,6.1,3935,3827,108,2.7
"264","08049",9829,9585,244,2.5,9791,9588,203,2.1,9247,8520,727,7.9,9160,8742,418,4.6,9298,9049,249,2.7
"265","08051",11255,10994,261,2.3,11374,11137,237,2.1,11302,10606,696,6.2,11207,10759,448,4,11432,11150,282,2.5
"266","08053",439,428,11,2.5,435,421,14,3.2,423,407,16,3.8,423,407,16,3.8,438,427,11,2.5
"267","08055",2558,2401,157,6.1,2511,2372,139,5.5,2596,2367,229,8.8,2549,2331,218,8.6,2470,2320,150,6.1
"268","08057",980,956,24,2.4,974,952,22,2.3,935,899,36,3.9,952,918,34,3.6,987,966,21,2.1
"269","08059",328197,318968,9229,2.8,331912,323735,8177,2.5,327752,306009,21743,6.6,337033,319955,17078,5.1,343275,333723,9552,2.8
"270","08061",936,920,16,1.7,949,935,14,1.5,954,933,21,2.2,926,894,32,3.5,898,882,16,1.8
"271","08063",4258,4176,82,1.9,4289,4220,69,1.6,4215,4105,110,2.6,4074,3944,130,3.2,4116,4036,80,1.9
"272","08065",4761,4644,117,2.5,4923,4811,112,2.3,4806,4442,364,7.6,4668,4445,223,4.8,4835,4710,125,2.6
"273","08067",32006,31122,884,2.8,31676,30908,768,2.4,30937,28950,1987,6.4,30383,28702,1681,5.5,30851,29926,925,3
"274","08069",199614,194399,5215,2.6,203381,198716,4665,2.3,201409,189568,11841,5.9,207700,197863,9837,4.7,210796,205073,5723,2.7
"275","08071",6494,6210,284,4.4,6492,6246,246,3.8,6401,5959,442,6.9,6194,5761,433,7,6074,5792,282,4.6
"276","08073",2440,2385,55,2.3,2402,2348,54,2.2,2342,2245,97,4.1,2242,2140,102,4.5,2204,2141,63,2.9
"277","08075",11123,10833,290,2.6,11061,10803,258,2.3,10877,10404,473,4.3,10372,9880,492,4.7,10182,9900,282,2.8
"278","08077",74943,72115,2828,3.8,75503,73001,2502,3.3,74746,69554,5192,6.9,77004,72514,4490,5.8,76866,74254,2612,3.4
"279","08079",507,494,13,2.6,516,504,12,2.3,465,439,26,5.6,444,420,24,5.4,461,448,13,2.8
"280","08081",7369,7118,251,3.4,7349,7107,242,3.3,7163,6761,402,5.6,6895,6540,355,5.1,6833,6617,216,3.2
"281","08083",12861,12287,574,4.5,12774,12251,523,4.1,12624,11782,842,6.7,12480,11731,749,6,12340,11876,464,3.8
"282","08085",21443,20707,736,3.4,21626,20976,650,3,21494,20171,1323,6.2,21185,20035,1150,5.4,21234,20521,713,3.4
"283","08087",16214,15774,440,2.7,16343,15928,415,2.5,15914,15118,796,5,15441,14629,812,5.3,15460,14961,499,3.2
"284","08089",8322,7931,391,4.7,8250,7924,326,4,8183,7715,468,5.7,7980,7457,523,6.6,7841,7515,326,4.2
"285","08091",2366,2290,76,3.2,2421,2352,69,2.9,2481,2295,186,7.5,2562,2437,125,4.9,2521,2444,77,3.1
"286","08093",10939,10650,289,2.6,11185,10916,269,2.4,10977,10389,588,5.4,11375,10899,476,4.2,11637,11337,300,2.6
"287","08095",2574,2528,46,1.8,2581,2541,40,1.5,2463,2401,62,2.5,2404,2330,74,3.1,2429,2378,51,2.1
"288","08097",11135,10741,394,3.5,11052,10714,338,3.1,11125,10036,1089,9.8,10526,9900,626,5.9,10598,10249,349,3.3
"289","08099",6235,6042,193,3.1,6292,6134,158,2.5,6120,5867,253,4.1,5998,5706,292,4.9,6117,5944,173,2.8
"290","08101",74861,71472,3389,4.5,75305,72332,2973,3.9,76173,70361,5812,7.6,77352,71183,6169,8,76448,73064,3384,4.4
"291","08103",2912,2799,113,3.9,2969,2864,105,3.5,2906,2759,147,5.1,2801,2635,166,5.9,2835,2729,106,3.7
"292","08105",5373,5128,245,4.6,5411,5195,216,4,5359,5002,357,6.7,5302,4936,366,6.9,5294,5070,224,4.2
"293","08107",16103,15698,405,2.5,16198,15858,340,2.1,15929,14755,1174,7.4,15234,14537,697,4.6,15647,15251,396,2.5
"294","08109",3503,3349,154,4.4,3519,3382,137,3.9,3406,3182,224,6.6,3351,3143,208,6.2,3357,3242,115,3.4
"295","08111",519,504,15,2.9,552,536,16,2.9,519,487,32,6.2,567,545,22,3.9,570,555,15,2.6
"296","08113",5515,5338,177,3.2,5720,5564,156,2.7,5424,4873,551,10.2,5411,5112,299,5.5,5581,5406,175,3.1
"297","08115",1179,1150,29,2.5,1188,1165,23,1.9,1155,1117,38,3.3,1136,1091,45,4,1066,1038,28,2.6
"298","08117",22324,21869,455,2,22801,22404,397,1.7,21969,19946,2023,9.2,21269,20347,922,4.3,21508,21026,482,2.2
"299","08119",12434,12007,427,3.4,12704,12326,378,3,12840,11946,894,7,13211,12551,660,5,13416,13015,401,3
"300","08121",3030,2960,70,2.3,2956,2900,56,1.9,2848,2765,83,2.9,2721,2628,93,3.4,2756,2692,64,2.3
"301","08123",163658,159066,4592,2.8,168146,163949,4197,2.5,164952,154231,10721,6.5,166748,157126,9622,5.8,169213,163743,5470,3.2
"302","08125",5960,5849,111,1.9,6073,5980,93,1.5,5559,5414,145,2.6,5455,5294,161,3,5542,5430,112,2
"303","09001",483980,465902,18078,3.7,486096,468976,17120,3.5,469728,432232,37496,8,465562,437092,28470,6.1,487419,467235,20184,4.1
"304","09003",484705,465289,19416,4,490245,471879,18366,3.7,479199,440103,39096,8.2,468442,437734,30708,6.6,483863,463242,20621,4.3
"305","09005",105824,102001,3823,3.6,106269,102700,3569,3.4,102718,95639,7079,6.9,101573,95960,5613,5.5,105940,101859,4081,3.9
"306","09007",94114,90995,3119,3.3,95148,92214,2934,3.1,92509,86435,6074,6.6,91026,86270,4756,5.2,94995,91557,3438,3.6
"307","09009",465186,445972,19214,4.1,468699,450978,17721,3.8,459091,422223,36868,8,453505,423766,29739,6.6,473070,452698,20372,4.3
"308","09011",138570,133406,5164,3.7,138966,134116,4850,3.5,132815,120004,12811,9.6,129414,120597,8817,6.8,135073,129364,5709,4.2
"309","09013",87316,84362,2954,3.4,88308,85526,2782,3.2,85274,79975,5299,6.2,83831,79512,4319,5.2,87409,84126,3283,3.8
"310","09015",64179,61444,2735,4.3,64909,62379,2530,3.9,62767,57869,4898,7.8,61987,58105,3882,6.3,64695,61912,2783,4.3
"311","10001",77834,74643,3191,4.1,78569,75410,3159,4,79802,73176,6626,8.3,80940,75757,5183,6.4,80172,75965,4207,5.2
"312","10003",296931,286200,10731,3.6,298616,288157,10459,3.5,299532,277339,22193,7.4,301965,285504,16461,5.5,304561,291284,13277,4.4
"313","10005",105605,101702,3903,3.7,107473,103595,3878,3.6,107163,99450,7713,7.2,111025,105509,5516,5,111955,107009,4946,4.4
"314","11001",395604,373202,22402,5.7,399857,377800,22057,5.5,386296,355788,30508,7.9,378103,352468,25635,6.8,388403,370229,18174,4.7
"315","12001",136443,131878,4565,3.3,138129,133983,4146,3,134721,127085,7636,5.7,138216,132947,5269,3.8,141466,137497,3969,2.8
"316","12003",11570,11163,407,3.5,11942,11562,380,3.2,11676,11058,618,5.3,12133,11672,461,3.8,12649,12301,348,2.8
"317","12005",87427,83812,3615,4.1,83972,80777,3195,3.8,82813,77619,5194,6.3,85781,82390,3391,4,87970,85609,2361,2.7
"318","12007",11073,10691,382,3.4,10880,10521,359,3.3,10729,10053,676,6.3,10792,10333,459,4.3,11075,10728,347,3.1
"319","12009",274910,264981,9929,3.6,282118,272891,9227,3.3,281902,262203,19699,7,289818,277874,11944,4.1,296542,288096,8446,2.8
"320","12011",1025663,990261,35402,3.5,1034991,1002809,32182,3.1,1021788,926316,95472,9.3,1032694,981959,50735,4.9,1065006,1034531,30475,2.9
"321","12013",4912,4698,214,4.4,4773,4580,193,4,4751,4494,257,5.4,4836,4612,224,4.6,4837,4679,158,3.3
"322","12015",70341,67440,2901,4.1,71496,68795,2701,3.8,71472,65990,5482,7.7,73472,70196,3276,4.5,76774,74142,2632,3.4
"323","12017",47205,44677,2528,5.4,47069,44734,2335,5,46624,42495,4129,8.9,47660,44917,2743,5.8,49308,47269,2039,4.1
"324","12019",105142,101583,3559,3.4,106847,103523,3324,3.1,104766,98850,5916,5.6,108413,104509,3904,3.6,113134,110151,2983,2.6
"325","12021",176584,170322,6262,3.5,179452,173715,5737,3.2,176561,163700,12861,7.3,181287,174491,6796,3.7,189462,184206,5256,2.8
"326","12023",29232,28101,1131,3.9,29642,28651,991,3.3,29479,27632,1847,6.3,29371,28018,1353,4.6,29565,28615,950,3.2
"327","12027",13621,13071,550,4,14133,13622,511,3.6,14375,13596,779,5.4,13630,13053,577,4.2,13862,13408,454,3.3
"328","12029",5741,5495,246,4.3,5818,5594,224,3.9,5854,5514,340,5.8,5841,5578,263,4.5,5852,5661,191,3.3
"329","12031",480459,462678,17781,3.7,484552,468177,16375,3.4,481031,446393,34638,7.2,493790,471485,22305,4.5,512417,496908,15509,3
"330","12033",142158,136946,5212,3.7,143967,139205,4762,3.3,143826,133571,10255,7.1,145719,139015,6704,4.6,149075,144552,4523,3
"331","12035",46359,44408,1951,4.2,47445,45586,1859,3.9,47144,43412,3732,7.9,48525,46234,2291,4.7,50464,48763,1701,3.4
"332","12037",4696,4528,168,3.6,4637,4466,171,3.7,4659,4395,264,5.7,4714,4531,183,3.9,4825,4692,133,2.8
"333","12039",18260,17408,852,4.7,18451,17671,780,4.2,18231,16898,1333,7.3,18642,17594,1048,5.6,19143,18413,730,3.8
"334","12041",6983,6715,268,3.8,7258,7007,251,3.5,7048,6684,364,5.2,7275,6997,278,3.8,7408,7184,224,3
"335","12043",5194,4984,210,4,5316,5101,215,4,5079,4772,307,6,4968,4751,217,4.4,5160,4994,166,3.2
"336","12045",5959,5687,272,4.6,5167,4917,250,4.8,5082,4771,311,6.1,5273,5078,195,3.7,5432,5286,146,2.7
"337","12047",4344,4158,186,4.3,4280,4099,181,4.2,4213,3869,344,8.2,4203,3949,254,6,4203,4034,169,4
"338","12049",8752,8285,467,5.3,8322,7890,432,5.2,8478,7899,579,6.8,8892,8455,437,4.9,8783,8444,339,3.9
"339","12051",15530,14556,974,6.3,15267,14335,932,6.1,15298,13955,1343,8.8,15346,14369,977,6.4,15497,14763,734,4.7
"340","12053",70195,66928,3267,4.7,71472,68396,3076,4.3,72020,65956,6064,8.4,73851,70039,3812,5.2,76875,74123,2752,3.6
"341","12055",36254,34452,1802,5,35578,33902,1676,4.7,34656,31832,2824,8.1,35239,33145,2094,5.9,36202,34693,1509,4.2
"342","12057",731719,706233,25486,3.5,752421,728513,23908,3.2,754964,698029,56935,7.5,772739,739504,33235,4.3,804474,782198,22276,2.8
"343","12059",6841,6564,277,4,6904,6654,250,3.6,6826,6429,397,5.8,6925,6635,290,4.2,7035,6819,216,3.1
"344","12061",64532,61679,2853,4.4,65220,62654,2566,3.9,64226,59231,4995,7.8,65660,62520,3140,4.8,67947,65644,2303,3.4
"345","12063",17129,16427,702,4.1,17001,16391,610,3.6,17153,16163,990,5.8,17131,16330,801,4.7,16591,16053,538,3.2
"346","12065",5535,5321,214,3.9,5507,5319,188,3.4,5421,5102,319,5.9,5559,5318,241,4.3,5740,5556,184,3.2
"347","12067",2811,2713,98,3.5,2831,2746,85,3,2775,2649,126,4.5,2811,2698,113,4,2806,2719,87,3.1
"348","12069",154565,148928,5637,3.6,160793,155516,5277,3.3,156918,142489,14429,9.2,159924,152354,7570,4.7,171050,165871,5179,3
"349","12071",339130,327184,11946,3.5,346866,335640,11226,3.2,345536,318852,26684,7.7,359008,343793,15215,4.2,375434,363742,11692,3.1
"350","12073",152930,147632,5298,3.5,154007,149129,4878,3.2,150928,141624,9304,6.2,155338,148732,6606,4.3,159970,155227,4743,3
"351","12075",16705,16041,664,4,16618,15982,636,3.8,16503,15451,1052,6.4,16861,16089,772,4.6,17093,16498,595,3.5
"352","12077",2597,2493,104,4,2637,2543,94,3.6,2596,2465,131,5,2604,2492,112,4.3,2630,2547,83,3.2
"353","12079",7245,6955,290,4,7417,7130,287,3.9,7557,7067,490,6.5,7686,7299,387,5,7832,7575,257,3.3
"354","12081",176903,170710,6193,3.5,179628,173854,5774,3.2,175925,163364,12561,7.1,180690,173348,7342,4.1,186606,181278,5328,2.9
"355","12083",134903,128946,5957,4.4,138387,132975,5412,3.9,139119,128785,10334,7.4,143152,136025,7127,5,148279,143171,5108,3.4
"356","12085",72392,69762,2630,3.6,72916,70552,2364,3.2,71469,66907,4562,6.4,73673,70987,2686,3.6,76101,74049,2052,2.7
"357","12086",1354012,1304116,49896,3.7,1380967,1340911,40056,2.9,1280601,1175315,105286,8.2,1323692,1250255,73437,5.5,1371121,1335035,36086,2.6
"358","12087",44825,43652,1173,2.6,46287,45320,967,2.1,44503,40864,3639,8.2,46003,44616,1387,3,49262,48347,915,1.9
"359","12089",40244,38918,1326,3.3,41601,40351,1250,3,41626,39170,2456,5.9,42888,41387,1501,3.5,44707,43568,1139,2.5
"360","12091",94645,91739,2906,3.1,96098,93435,2663,2.8,95402,89907,5495,5.8,99698,96303,3395,3.4,103324,100805,2519,2.4
"361","12093",17599,16931,668,3.8,17643,17015,628,3.6,17119,16145,974,5.7,17341,16601,740,4.3,17678,17136,542,3.1
"362","12095",741630,717087,24543,3.3,754778,732139,22639,3,742175,659050,83125,11.2,744702,706409,38293,5.1,792421,769611,22810,2.9
"363","12097",179458,172724,6734,3.8,184552,178329,6223,3.4,190129,163389,26740,14.1,186594,175021,11573,6.2,197366,190680,6686,3.4
"364","12099",722361,695781,26580,3.7,730620,706156,24464,3.3,716221,658815,57406,8,735244,703046,32198,4.4,763006,740847,22159,2.9
"365","12101",232052,222872,9180,4,238759,230189,8570,3.6,241029,222948,18081,7.5,247604,236516,11088,4.5,258149,250277,7872,3
"366","12103",481941,465560,16381,3.4,483146,468232,14914,3.1,477291,441651,35640,7.5,489255,469435,19820,4.1,510331,496830,13501,2.6
"367","12105",296925,284369,12556,4.2,304617,292955,11662,3.8,319951,289442,30509,9.5,328270,310484,17786,5.4,338322,326547,11775,3.5
"368","12107",26584,25261,1323,5,26410,25242,1168,4.4,26419,24194,2225,8.4,27611,25941,1670,6,27491,26377,1114,4.1
"369","12109",129306,125472,3834,3,134948,131304,3644,2.7,137926,130460,7466,5.4,142837,138401,4436,3.1,149333,145849,3484,2.3
"370","12111",141818,135418,6400,4.5,145647,139777,5870,4,147072,135130,11942,8.1,150839,143349,7490,5,155564,150258,5306,3.4
"371","12113",80812,78057,2755,3.4,83310,80782,2528,3,83014,78494,4520,5.4,84951,81930,3021,3.6,87512,85163,2349,2.7
"372","12115",185960,179491,6469,3.5,187849,181845,6004,3.2,184240,171009,13231,7.2,189591,182038,7553,4,195994,190365,5629,2.9
"373","12117",248563,240365,8198,3.3,252585,245009,7576,3,237886,219850,18036,7.6,245888,235755,10133,4.1,263804,256782,7022,2.7
"374","12119",31122,29482,1640,5.3,32425,30868,1557,4.8,32690,29978,2712,8.3,34967,33079,1888,5.4,37346,35829,1517,4.1
"375","12121",18054,17371,683,3.8,18174,17546,628,3.5,17665,16607,1058,6,17342,16546,796,4.6,17531,16963,568,3.2
"376","12123",8603,8267,336,3.9,8179,7878,301,3.7,8163,7613,550,6.7,8091,7673,418,5.2,8085,7815,270,3.3
"377","12125",4584,4432,152,3.3,4581,4441,140,3.1,4541,4314,227,5,4495,4322,173,3.8,4518,4386,132,2.9
"378","12127",251129,241447,9682,3.9,252482,243533,8949,3.5,249000,229051,19949,8,256378,244365,12013,4.7,266061,257682,8379,3.1
"379","12129",14645,14174,471,3.2,15308,14854,454,3,15024,14321,703,4.7,15426,14925,501,3.2,15991,15589,402,2.5
"380","12131",30810,29816,994,3.2,31927,30993,934,2.9,32403,30426,1977,6.1,33883,32660,1223,3.6,35024,34130,894,2.6
"381","12133",9693,9310,383,4,9649,9306,343,3.6,9453,8873,580,6.1,9585,9147,438,4.6,9795,9482,313,3.2
"382","13001",9086,8691,395,4.3,9299,8922,377,4.1,9226,8796,430,4.7,9309,8977,332,3.6,9346,9011,335,3.6
"383","13003",4373,4218,155,3.5,4572,4423,149,3.3,4469,4295,174,3.9,4434,4304,130,2.9,4374,4254,120,2.7
"384","13005",5053,4859,194,3.8,4970,4784,186,3.7,4863,4638,225,4.6,4830,4673,157,3.3,4879,4736,143,2.9
"385","13007",1168,1106,62,5.3,1162,1106,56,4.8,1130,1063,67,5.9,1127,1072,55,4.9,1119,1074,45,4
"386","13009",17745,16861,884,5,17754,16975,779,4.4,17722,16508,1214,6.9,17631,16781,850,4.8,17754,17047,707,4
"387","13011",9578,9274,304,3.2,9822,9544,278,2.8,9857,9438,419,4.3,10311,10048,263,2.6,10897,10653,244,2.2
"388","13013",40269,38932,1337,3.3,41392,40175,1217,2.9,40979,38919,2060,5,42196,40959,1237,2.9,43097,42011,1086,2.5
"389","13015",50425,48494,1931,3.8,50947,49191,1756,3.4,50179,47086,3093,6.2,51348,49547,1801,3.5,52316,50813,1503,2.9
"390","13017",5503,5178,325,5.9,5473,5165,308,5.6,5513,5137,376,6.8,5562,5268,294,5.3,5592,5350,242,4.3
"391","13019",7499,7184,315,4.2,7611,7295,316,4.2,7449,7023,426,5.7,7641,7354,287,3.8,7772,7525,247,3.2
"392","13021",69363,66202,3161,4.6,68157,65368,2789,4.1,67441,62427,5014,7.4,66983,63606,3377,5,65430,62987,2443,3.7
"393","13023",4630,4361,269,5.8,4607,4364,243,5.3,4523,4232,291,6.4,4606,4369,237,5.1,4546,4350,196,4.3
"394","13025",7395,7062,333,4.5,7268,6956,312,4.3,7040,6666,374,5.3,7265,6997,268,3.7,7415,7159,256,3.5
"395","13027",6992,6713,279,4,6895,6652,243,3.5,6767,6412,355,5.2,6763,6508,255,3.8,6701,6493,208,3.1
"396","13029",18398,17772,626,3.4,19237,18652,585,3,19164,18180,984,5.1,19844,19269,575,2.9,20150,19627,523,2.6
"397","13031",37215,35616,1599,4.3,37636,36134,1502,4,37295,34883,2412,6.5,38024,36461,1563,4.1,38398,37095,1303,3.4
"398","13033",9300,8731,569,6.1,9155,8667,488,5.3,9065,8419,646,7.1,9109,8578,531,5.8,9019,8551,468,5.2
"399","13035",10733,10293,440,4.1,11015,10631,384,3.5,10878,10216,662,6.1,11150,10747,403,3.6,11337,11023,314,2.8
"400","13037",2253,2157,96,4.3,2269,2185,84,3.7,2244,2129,115,5.1,2214,2124,90,4.1,2189,2119,70,3.2
"401","13039",20991,20103,888,4.2,21323,20525,798,3.7,21174,20166,1008,4.8,21522,20831,691,3.2,21930,21276,654,3
"402","13043",5368,5183,185,3.4,5631,5459,172,3.1,5750,5500,250,4.3,6009,5826,183,3,6089,5942,147,2.4
"403","13045",55156,52927,2229,4,55852,53837,2015,3.6,54871,51427,3444,6.3,56235,54166,2069,3.7,57286,55530,1756,3.1
"404","13047",33606,32453,1153,3.4,33585,32535,1050,3.1,32710,31286,1424,4.4,32865,31950,915,2.8,33352,32456,896,2.7
"405","13049",4826,4616,210,4.4,4931,4738,193,3.9,4888,4702,186,3.8,4955,4797,158,3.2,5076,4918,158,3.1
"406","13051",140582,135295,5287,3.8,141530,136702,4828,3.4,140138,129534,10604,7.6,143440,137279,6161,4.3,144226,139858,4368,3
"407","13053",2043,1930,113,5.5,2036,1940,96,4.7,1925,1804,121,6.3,1906,1820,86,4.5,1909,1822,87,4.6
"408","13055",10536,10103,433,4.1,10419,9876,543,5.2,9786,8973,813,8.3,9478,9027,451,4.8,9240,8852,388,4.2
"409","13057",135400,131142,4258,3.1,137622,133691,3931,2.9,135499,129056,6443,4.8,139672,136005,3667,2.6,142815,139453,3362,2.4
"410","13059",61088,58638,2450,4,59878,57657,2221,3.7,58181,54472,3709,6.4,58531,56275,2256,3.9,57891,55977,1914,3.3
"411","13061",852,788,64,7.5,885,822,63,7.1,903,793,110,12.2,879,792,87,9.9,831,775,56,6.7
"412","13063",137706,130905,6801,4.9,138478,132355,6123,4.4,139123,124840,14283,10.3,140190,131371,8819,6.3,140266,134765,5501,3.9
"413","13065",2772,2646,126,4.5,2828,2720,108,3.8,2972,2856,116,3.9,3030,2940,90,3,3031,2947,84,2.8
"414","13067",424123,409480,14643,3.5,425031,411806,13225,3.1,413432,389213,24219,5.9,423814,410068,13746,3.2,431657,420518,11139,2.6
"415","13069",18898,18042,856,4.5,19279,18509,770,4,19002,17905,1097,5.8,18754,17988,766,4.1,18792,18128,664,3.5
"416","13071",21620,20802,818,3.8,21825,21118,707,3.2,21933,20957,976,4.4,22172,21452,720,3.2,21979,21355,624,2.8
"417","13073",75984,73327,2657,3.5,76333,73929,2404,3.1,75552,72414,3138,4.2,76129,74043,2086,2.7,75917,73779,2138,2.8
"418","13075",7877,7578,299,3.8,8184,7900,284,3.5,8126,7741,385,4.7,8167,7886,281,3.4,8223,7968,255,3.1
"419","13077",74415,71836,2579,3.5,75586,73266,2320,3.1,74654,70107,4547,6.1,76347,73799,2548,3.3,77762,75691,2071,2.7
"420","13079",5716,5476,240,4.2,5661,5449,212,3.7,5432,5156,276,5.1,5455,5249,206,3.8,5371,5203,168,3.1
"421","13081",9435,8975,460,4.9,9620,9236,384,4,9743,8870,873,9,10039,9180,859,8.6,9763,9351,412,4.2
"422","13083",8247,7944,303,3.7,8149,7871,278,3.4,7809,7487,322,4.1,7916,7704,212,2.7,8026,7816,210,2.6
"423","13085",12304,11892,412,3.3,12760,12384,376,2.9,12707,12122,585,4.6,13137,12784,353,2.7,13427,13097,330,2.5
"424","13087",11541,10997,544,4.7,11701,11246,455,3.9,11356,10814,542,4.8,11445,11028,417,3.6,11823,11440,383,3.2
"425","13089",398974,382704,16270,4.1,399051,384684,14367,3.6,394686,363515,31171,7.9,400986,382863,18123,4.5,405397,392693,12704,3.1
"426","13091",7192,6817,375,5.2,7182,6785,397,5.5,6944,6529,415,6,6982,6683,299,4.3,6897,6639,258,3.7
"427","13093",5141,4900,241,4.7,5089,4892,197,3.9,4989,4543,446,8.9,4930,4565,365,7.4,4772,4583,189,4
"428","13095",38748,36653,2095,5.4,37808,35996,1812,4.8,37597,34363,3234,8.6,37149,34815,2334,6.3,36369,34798,1571,4.3
"429","13097",73165,70097,3068,4.2,73409,70691,2718,3.7,72637,67313,5324,7.3,74094,70903,3191,4.3,75159,72718,2441,3.2
"430","13099",4552,4341,211,4.6,4396,4218,178,4,4432,4178,254,5.7,4341,4126,215,5,4425,4266,159,3.6
"431","13101",1925,1863,62,3.2,1917,1862,55,2.9,1888,1814,74,3.9,1882,1829,53,2.8,1873,1826,47,2.5
"432","13103",31065,30044,1021,3.3,32322,31373,949,2.9,31979,30415,1564,4.9,33189,32208,981,3,33678,32818,860,2.6
"433","13105",7862,7482,380,4.8,7873,7554,319,4.1,7957,7411,546,6.9,7813,7436,377,4.8,7872,7580,292,3.7
"434","13107",8361,7863,498,6,8440,7979,461,5.5,8595,7998,597,6.9,8670,8219,451,5.2,8717,8362,355,4.1
"435","13109",4925,4742,183,3.7,4957,4785,172,3.5,5023,4766,257,5.1,5129,4948,181,3.5,5050,4903,147,2.9
"436","13111",11334,10880,454,4,11522,11122,400,3.5,11168,10643,525,4.7,11747,11410,337,2.9,11950,11632,318,2.7
"437","13113",57844,55809,2035,3.5,58196,56380,1816,3.1,56779,53748,3031,5.3,58281,56582,1699,2.9,59593,58040,1553,2.6
"438","13115",44554,42629,1925,4.3,44263,42487,1776,4,43265,40573,2692,6.2,43502,41884,1618,3.7,43798,42428,1370,3.1
"439","13117",121697,117823,3874,3.2,125398,121812,3586,2.9,123375,117844,5531,4.5,127280,124100,3180,2.5,130295,127263,3032,2.3
"440","13119",10063,9675,388,3.9,10230,9859,371,3.6,9924,9345,579,5.8,9984,9611,373,3.7,9990,9674,316,3.2
"441","13121",556130,533436,22694,4.1,561757,541301,20456,3.6,560504,516255,44249,7.9,569596,543672,25924,4.6,575874,557586,18288,3.2
"442","13123",12037,11527,510,4.2,12061,11622,439,3.6,12059,11498,561,4.7,12325,11946,379,3.1,12413,12032,381,3.1
"443","13125",1292,1238,54,4.2,1280,1231,49,3.8,1250,1200,50,4,1245,1212,33,2.7,1253,1215,38,3
"444","13127",40103,38609,1494,3.7,38919,37552,1367,3.5,38419,35839,2580,6.7,39024,37551,1473,3.8,39697,38527,1170,2.9
"445","13129",27613,26539,1074,3.9,28555,27552,1003,3.5,28186,26666,1520,5.4,28742,27815,927,3.2,28907,28088,819,2.8
"446","13131",10687,10273,414,3.9,10694,10322,372,3.5,10656,10193,463,4.3,11000,10652,348,3.2,10941,10613,328,3
"447","13133",7067,6762,305,4.3,7325,7034,291,4,7214,6797,417,5.8,7239,6968,271,3.7,7331,7098,233,3.2
"448","13135",488751,471383,17368,3.6,491810,476249,15561,3.2,481779,451514,30265,6.3,492929,475852,17077,3.5,501409,487916,13493,2.7
"449","13137",19494,18760,734,3.8,19503,18816,687,3.5,18782,17772,1010,5.4,18504,17842,662,3.6,18779,18201,578,3.1
"450","13139",102465,99159,3306,3.2,103033,100029,3004,2.9,102659,97868,4791,4.7,104554,101742,2812,2.7,107171,104611,2560,2.4
"451","13141",2478,2330,148,6,2521,2376,145,5.8,2547,2324,223,8.8,2513,2355,158,6.3,2514,2390,124,4.9
"452","13143",12542,12055,487,3.9,12610,12172,438,3.5,12409,11690,719,5.8,12772,12324,448,3.5,13028,12634,394,3
"453","13145",16937,16357,580,3.4,16975,16437,538,3.2,16900,16140,760,4.5,16830,16343,487,2.9,16814,16355,459,2.7
"454","13147",11767,11336,431,3.7,11636,11217,419,3.6,11365,10754,611,5.4,11631,11178,453,3.9,12111,11745,366,3
"455","13149",5239,5034,205,3.9,5241,5060,181,3.5,5123,4793,330,6.4,5247,5044,203,3.9,5330,5171,159,3
"456","13151",115264,110462,4802,4.2,117131,112797,4334,3.7,116778,108320,8458,7.2,118859,113922,4937,4.2,120701,116898,3803,3.2
"457","13153",70468,67613,2855,4.1,71379,68906,2473,3.5,70712,67032,3680,5.2,71257,68638,2619,3.7,70748,68554,2194,3.1
"458","13155",3334,3145,189,5.7,3411,3249,162,4.7,3495,3300,195,5.6,3555,3394,161,4.5,3537,3397,140,4
"459","13157",36506,35374,1132,3.1,37856,36806,1050,2.8,40192,38450,1742,4.3,42144,41118,1026,2.4,46153,45209,944,2
"460","13159",6920,6675,245,3.5,6998,6771,227,3.2,6839,6508,331,4.8,7076,6849,227,3.2,7207,7019,188,2.6
"461","13161",6102,5804,298,4.9,6204,5912,292,4.7,6153,5839,314,5.1,6107,5864,243,4,6148,5926,222,3.6
"462","13163",6736,6376,360,5.3,6652,6326,326,4.9,6695,6248,447,6.7,6669,6345,324,4.9,6627,6363,264,4
"463","13165",3193,3021,172,5.4,3217,3049,168,5.2,3198,2997,201,6.3,3192,3040,152,4.8,3324,3183,141,4.2
"464","13167",4113,3950,163,4,4086,3932,154,3.8,4014,3817,197,4.9,4128,3981,147,3.6,4004,3888,116,2.9
"465","13169",13963,13449,514,3.7,13789,13334,455,3.3,13408,12803,605,4.5,13473,13050,423,3.1,13320,12930,390,2.9
"466","13171",8243,7859,384,4.7,8227,7896,331,4,8010,7508,502,6.3,8263,7918,345,4.2,8391,8116,275,3.3
"467","13173",3805,3634,171,4.5,3790,3634,156,4.1,3814,3615,199,5.2,3817,3668,149,3.9,3783,3653,130,3.4
"468","13175",19522,18578,944,4.8,19617,18696,921,4.7,19343,18060,1283,6.6,19714,18868,846,4.3,19146,18411,735,3.8
"469","13177",14859,14324,535,3.6,15175,14702,473,3.1,15074,14390,684,4.5,15053,14584,469,3.1,15011,14577,434,2.9
"470","13179",25952,24836,1116,4.3,26034,25015,1019,3.9,25790,24190,1600,6.2,26234,25191,1043,4,26158,25301,857,3.3
"471","13181",3613,3433,180,5,3560,3418,142,4,3519,3331,188,5.3,3540,3398,142,4,3511,3389,122,3.5
"472","13183",8079,7757,322,4,8365,8048,317,3.8,8211,7854,357,4.3,8432,8173,259,3.1,8473,8210,263,3.1
"473","13185",51972,49840,2132,4.1,51813,49919,1894,3.7,51656,48546,3110,6,51231,49132,2099,4.1,50565,48914,1651,3.3
"474","13187",16778,16176,602,3.6,16985,16426,559,3.3,16612,15822,790,4.8,17595,17112,483,2.7,18582,18131,451,2.4
"475","13189",8954,8452,502,5.6,8777,8309,468,5.3,8577,7903,674,7.9,8508,8065,443,5.2,8409,8037,372,4.4
"476","13191",6277,6025,252,4,6117,5888,229,3.7,5964,5629,335,5.6,6101,5876,225,3.7,6215,6022,193,3.1
"477","13193",4717,4422,295,6.3,4735,4511,224,4.7,4667,4314,353,7.6,4682,4378,304,6.5,4533,4344,189,4.2
"478","13195",13733,13245,488,3.6,13450,13022,428,3.2,13260,12594,666,5,13456,13038,418,3.1,13357,12972,385,2.9
"479","13197",3383,3207,176,5.2,3302,3157,145,4.4,3249,3085,164,5,3248,3129,119,3.7,3246,3131,115,3.5
"480","13199",8898,8449,449,5,8918,8498,420,4.7,8768,8017,751,8.6,8900,8442,458,5.1,8991,8649,342,3.8
"481","13201",2780,2677,103,3.7,2811,2716,95,3.4,2779,2669,110,4,2803,2719,84,3,2874,2798,76,2.6
"482","13205",8402,7945,457,5.4,8511,8113,398,4.7,8313,7771,542,6.5,8211,7797,414,5,8240,7913,327,4
"483","13207",13241,12754,487,3.7,13058,12617,441,3.4,12940,12294,646,5,12959,12549,410,3.2,12795,12435,360,2.8
"484","13209",3873,3649,224,5.8,3936,3728,208,5.3,3843,3637,206,5.4,3824,3665,159,4.2,3860,3712,148,3.8
"485","13211",9225,8893,332,3.6,9405,9100,305,3.2,9251,8760,491,5.3,9532,9223,309,3.2,9703,9442,261,2.7
"486","13213",16051,15195,856,5.3,15665,14841,824,5.3,15429,14277,1152,7.5,15380,14714,666,4.3,15366,14755,611,4
"487","13215",79073,75014,4059,5.1,78023,74326,3697,4.7,77456,71454,6002,7.7,76318,72313,4005,5.2,75466,72359,3107,4.1
"488","13217",52140,49788,2352,4.5,53010,50879,2131,4,52287,48607,3680,7,53489,51158,2331,4.4,54323,52466,1857,3.4
"489","13219",20157,19556,601,3,20099,19569,530,2.6,19673,18955,718,3.6,20071,19621,450,2.2,19984,19523,461,2.3
"490","13221",7150,6884,266,3.7,7055,6821,234,3.3,6867,6543,324,4.7,6953,6751,202,2.9,6909,6720,189,2.7
"491","13223",85695,82723,2972,3.5,87898,85216,2682,3.1,87086,82512,4574,5.3,89524,86832,2692,3,91455,89068,2387,2.6
"492","13225",11903,11282,621,5.2,11929,11424,505,4.2,11873,11139,734,6.2,11995,11416,579,4.8,11858,11408,450,3.8
"493","13227",15245,14701,544,3.6,15491,15006,485,3.1,15079,14366,713,4.7,15564,15127,437,2.8,15924,15515,409,2.6
"494","13229",8754,8420,334,3.8,8715,8407,308,3.5,8541,8156,385,4.5,8638,8368,270,3.1,8901,8657,244,2.7
"495","13231",8891,8569,322,3.6,9013,8729,284,3.2,8725,8298,427,4.9,8997,8742,255,2.8,9208,8960,248,2.7
"496","13233",18612,17824,788,4.2,18620,17919,701,3.8,18340,17256,1084,5.9,18448,17789,659,3.6,18531,17960,571,3.1
"497","13235",4053,3875,178,4.4,4076,3913,163,4,3965,3779,186,4.7,4027,3874,153,3.8,4006,3873,133,3.3
"498","13237",8287,7872,415,5,8345,7971,374,4.5,8315,7781,534,6.4,8658,8310,348,4,8764,8460,304,3.5
"499","13239",828,782,46,5.6,814,772,42,5.2,798,748,50,6.3,765,729,36,4.7,733,697,36,4.9
"500","13241",7144,6857,287,4,7338,7071,267,3.6,7258,6876,382,5.3,7552,7314,238,3.2,7774,7548,226,2.9
"501","13243",2490,2351,139,5.6,2561,2435,126,4.9,2474,2328,146,5.9,2369,2245,124,5.2,2392,2287,105,4.4
"502","13245",86234,81726,4508,5.2,85588,81551,4037,4.7,84317,77914,6403,7.6,83932,79496,4436,5.3,82682,79202,3480,4.2
"503","13247",44718,42729,1989,4.4,44714,42936,1778,4,43751,40454,3297,7.5,44637,42608,2029,4.5,45269,43698,1571,3.5
"504","13249",2203,2101,102,4.6,2263,2174,89,3.9,2153,2061,92,4.3,2132,2051,81,3.8,2161,2081,80,3.7
"505","13251",5303,5015,288,5.4,5173,4883,290,5.6,5063,4653,410,8.1,5097,4813,284,5.6,5033,4815,218,4.3
"506","13253",3054,2890,164,5.4,3114,2977,137,4.4,3105,2951,154,5,3084,2969,115,3.7,3090,2981,109,3.5
"507","13255",28677,27315,1362,4.7,28811,27609,1202,4.2,28428,26291,2137,7.5,29015,27678,1337,4.6,29358,28383,975,3.3
"508","13257",10991,10485,506,4.6,10865,10440,425,3.9,10463,9800,663,6.3,10435,9983,452,4.3,10640,10262,378,3.6
"509","13259",2375,2260,115,4.8,2503,2393,110,4.4,2520,2380,140,5.6,2555,2458,97,3.8,2597,2504,93,3.6
"510","13261",12747,11984,763,6,12909,12276,633,4.9,12625,11690,935,7.4,12306,11608,698,5.7,12280,11778,502,4.1
"511","13263",2844,2700,144,5.1,2834,2704,130,4.6,2765,2578,187,6.8,2784,2659,125,4.5,2811,2708,103,3.7
"512","13265",571,540,31,5.4,548,519,29,5.3,534,496,38,7.1,536,509,27,5,541,518,23,4.3
"513","13267",9717,9306,411,4.2,9785,9403,382,3.9,9702,9289,413,4.3,9545,9236,309,3.2,9388,9103,285,3
"514","13269",2793,2611,182,6.5,3044,2914,130,4.3,2776,2577,199,7.2,2901,2726,175,6,2626,2496,130,5
"515","13271",4373,4078,295,6.7,4312,3901,411,9.5,3810,3437,373,9.8,3726,3463,263,7.1,3597,3392,205,5.7
"516","13273",3586,3345,241,6.7,3558,3374,184,5.2,3538,3275,263,7.4,3542,3320,222,6.3,3475,3318,157,4.5
"517","13275",16937,16138,799,4.7,17057,16366,691,4.1,17051,15997,1054,6.2,17434,16700,734,4.2,17013,16412,601,3.5
"518","13277",19416,18635,781,4,20371,19677,694,3.4,20599,19561,1038,5,21106,20379,727,3.4,21053,20469,584,2.8
"519","13279",11908,11212,696,5.8,12044,11442,602,5,12199,11410,789,6.5,12067,11524,543,4.5,12129,11669,460,3.8
"520","13281",3926,3704,222,5.7,3985,3787,198,5,3884,3629,255,6.6,4037,3875,162,4,4066,3900,166,4.1
"521","13283",2716,2558,158,5.8,2736,2590,146,5.3,2667,2505,162,6.1,2629,2515,114,4.3,2641,2537,104,3.9
"522","13285",36799,35430,1369,3.7,38114,36868,1246,3.3,37707,35012,2695,7.1,37206,35577,1629,4.4,36577,35486,1091,3
"523","13287",3187,3024,163,5.1,3231,3105,126,3.9,3272,3035,237,7.2,3266,3059,207,6.3,3172,3043,129,4.1
"524","13289",2933,2758,175,6,2867,2703,164,5.7,2795,2587,208,7.4,2769,2625,144,5.2,2726,2600,126,4.6
"525","13291",10365,9982,383,3.7,10531,10191,340,3.2,10581,10121,460,4.3,11116,10811,305,2.7,11458,11157,301,2.6
"526","13293",11411,10906,505,4.4,11447,11027,420,3.7,11403,10660,743,6.5,11599,11133,466,4,11741,11368,373,3.2
"527","13295",31397,30177,1220,3.9,31510,30340,1170,3.7,30661,29161,1500,4.9,30754,29771,983,3.2,31180,30239,941,3
"528","13297",45894,44244,1650,3.6,46326,44841,1485,3.2,45698,43264,2434,5.3,47033,45534,1499,3.2,48037,46703,1334,2.8
"529","13299",15630,15012,618,4,15546,14952,594,3.8,15350,14503,847,5.5,15433,14865,568,3.7,15860,15389,471,3
"530","13301",2763,2626,137,5,2770,2634,136,4.9,2647,2469,178,6.7,2686,2560,126,4.7,2691,2589,102,3.8
"531","13303",7172,6811,361,5,7080,6776,304,4.3,6946,6505,441,6.3,6875,6534,341,5,6967,6695,272,3.9
"532","13305",11437,10901,536,4.7,11551,11072,479,4.1,11594,10952,642,5.5,11864,11418,446,3.8,12005,11635,370,3.1
"533","13307",1002,939,63,6.3,1031,979,52,5,1018,961,57,5.6,994,949,45,4.5,985,949,36,3.7
"534","13309",1672,1549,123,7.4,1681,1555,126,7.5,1616,1500,116,7.2,1629,1539,90,5.5,1657,1574,83,5
"535","13311",16218,15721,497,3.1,16608,16145,463,2.8,16300,15596,704,4.3,16612,16187,425,2.6,17015,16609,406,2.4
"536","13313",45165,42999,2166,4.8,44040,42012,2028,4.6,43252,40145,3107,7.2,43090,41387,1703,4,43134,41498,1636,3.8
"537","13315",2689,2548,141,5.2,2721,2598,123,4.5,2763,2597,166,6,2720,2589,131,4.8,2675,2576,99,3.7
"538","13317",3838,3658,180,4.7,3821,3640,181,4.7,3653,3408,245,6.7,3658,3488,170,4.6,3701,3551,150,4.1
"539","13319",3857,3685,172,4.5,4063,3906,157,3.9,3813,3612,201,5.3,3656,3504,152,4.2,3896,3768,128,3.3
"540","13321",8979,8577,402,4.5,9074,8714,360,4,8842,8363,479,5.4,8820,8466,354,4,8739,8466,273,3.1
"541","15001",94797,92056,2741,2.9,93817,90791,3026,3.2,91884,81388,10496,11.4,93899,88444,5455,5.8,94246,90813,3433,3.6
"542","15003",469787,458947,10840,2.3,464847,453660,11187,2.4,450653,404342,46311,10.3,452578,427310,25268,5.6,458128,442291,15837,3.5
"543","15007",37536,36625,911,2.4,37762,36817,945,2.5,36379,30472,5907,16.2,36189,33242,2947,8.1,36657,35336,1321,3.6
"544","15009",90337,88220,2117,2.3,89697,87505,2192,2.4,85169,69977,15192,17.8,87321,80630,6691,7.7,87268,84237,3031,3.5
"545","16001",246290,240148,6142,2.5,256258,249887,6371,2.5,260850,246434,14416,5.5,267054,258509,8545,3.2,275602,269248,6354,2.3
"546","16003",1728,1634,94,5.4,1730,1615,115,6.6,1783,1613,170,9.5,1801,1686,115,6.4,1764,1671,93,5.3
"547","16005",41991,40833,1158,2.8,42917,41725,1192,2.8,42525,40404,2121,5,42608,41111,1497,3.5,43837,42641,1196,2.7
"548","16007",2873,2791,82,2.9,2996,2910,86,2.9,3104,2971,133,4.3,3126,3034,92,2.9,3292,3207,85,2.6
"549","16009",4039,3856,183,4.5,4115,3903,212,5.2,4182,3861,321,7.7,4098,3875,223,5.4,4092,3919,173,4.2
"550","16011",23446,22806,640,2.7,23962,23333,629,2.6,24040,23096,944,3.9,24560,23793,767,3.1,24978,24329,649,2.6
"551","16013",12411,12115,296,2.4,12439,12118,321,2.6,12868,11845,1023,7.9,12909,12451,458,3.5,13257,12925,332,2.5
"552","16015",3408,3265,143,4.2,3545,3395,150,4.2,3665,3369,296,8.1,3748,3552,196,5.2,3832,3688,144,3.8
"553","16017",19787,18975,812,4.1,20229,19392,837,4.1,21278,19629,1649,7.7,21586,20574,1012,4.7,21888,21093,795,3.6
"554","16019",55540,54196,1344,2.4,57540,56181,1359,2.4,58792,56364,2428,4.1,60745,59016,1729,2.8,62826,61352,1474,2.3
"555","16021",5294,5061,233,4.4,5403,5163,240,4.4,5564,5212,352,6.3,5646,5405,241,4.3,5704,5488,216,3.8
"556","16023",1371,1326,45,3.3,1385,1349,36,2.6,1402,1350,52,3.7,1449,1395,54,3.7,1491,1446,45,3
"557","16025",692,676,16,2.3,687,668,19,2.8,694,660,34,4.9,703,681,22,3.1,725,705,20,2.8
"558","16027",101242,98089,3153,3.1,105561,102215,3346,3.2,107738,101287,6451,6,111415,107123,4292,3.9,114909,111561,3348,2.9
"559","16029",3894,3786,108,2.8,4142,4033,109,2.6,4143,3991,152,3.7,4104,3979,125,3,4171,4055,116,2.8
"560","16031",11856,11592,264,2.2,12245,11952,293,2.4,12509,12040,469,3.7,13394,13030,364,2.7,14052,13738,314,2.2
"561","16033",383,372,11,2.9,379,365,14,3.7,380,365,15,3.9,379,367,12,3.2,390,376,14,3.6
"562","16035",2931,2732,199,6.8,2918,2724,194,6.6,3058,2800,258,8.4,3032,2840,192,6.3,3013,2858,155,5.1
"563","16037",2196,2108,88,4,2238,2145,93,4.2,2250,2135,115,5.1,2284,2182,102,4.5,2255,2182,73,3.2
"564","16039",11471,11094,377,3.3,11651,11276,375,3.2,11969,11378,591,4.9,12292,11846,446,3.6,12478,12117,361,2.9
"565","16041",6915,6765,150,2.2,7132,6968,164,2.3,7218,6956,262,3.6,7376,7195,181,2.5,7592,7424,168,2.2
"566","16043",7824,7634,190,2.4,7814,7634,180,2.3,7960,7662,298,3.7,8193,7961,232,2.8,8377,8171,206,2.5
"567","16045",8103,7821,282,3.5,8389,8116,273,3.3,8562,8048,514,6,8737,8384,353,4,8947,8690,257,2.9
"568","16047",8146,7950,196,2.4,8280,8067,213,2.6,8341,8016,325,3.9,9112,8847,265,2.9,9689,9460,229,2.4
"569","16049",6470,6168,302,4.7,6625,6332,293,4.4,6771,6309,462,6.8,6831,6503,328,4.8,6820,6562,258,3.8
"570","16051",13695,13384,311,2.3,14099,13776,323,2.3,14269,13769,500,3.5,14983,14586,397,2.6,15476,15134,342,2.2
"571","16053",12051,11744,307,2.5,12339,12024,315,2.6,12233,11730,503,4.1,13774,13358,416,3,14367,14011,356,2.5
"572","16055",78220,75490,2730,3.5,80721,77888,2833,3.5,81974,76137,5837,7.1,82612,79128,3484,4.2,84574,81852,2722,3.2
"573","16057",20311,19805,506,2.5,20626,20085,541,2.6,19843,18875,968,4.9,19933,19279,654,3.3,20417,19915,502,2.5
"574","16059",3528,3371,157,4.5,3581,3414,167,4.7,3672,3422,250,6.8,3711,3518,193,5.2,3705,3567,138,3.7
"575","16061",1628,1538,90,5.5,1645,1556,89,5.4,1665,1534,131,7.9,1671,1579,92,5.5,1662,1597,65,3.9
"576","16063",2721,2628,93,3.4,2695,2600,95,3.5,2668,2507,161,6,2893,2774,119,4.1,3019,2915,104,3.4
"577","16065",21779,21403,376,1.7,22177,21777,400,1.8,22507,21884,623,2.8,23378,22867,511,2.2,23936,23497,439,1.8
"578","16067",11101,10823,278,2.5,11492,11207,285,2.5,11743,11280,463,3.9,12505,12134,371,3,12781,12476,305,2.4
"579","16069",21089,20507,582,2.8,21137,20552,585,2.8,21001,19956,1045,5,20981,20305,676,3.2,21312,20763,549,2.6
"580","16071",2345,2294,51,2.2,2337,2285,52,2.2,2360,2259,101,4.3,2583,2519,64,2.5,2696,2628,68,2.5
"581","16073",5443,5246,197,3.6,5465,5281,184,3.4,5584,5246,338,6.1,6141,5899,242,3.9,5884,5693,191,3.2
"582","16075",11622,11204,418,3.6,11796,11382,414,3.5,12071,11416,655,5.4,12068,11592,476,3.9,12218,11846,372,3
"583","16077",4104,3985,119,2.9,4112,3987,125,3,4160,3988,172,4.1,4377,4220,157,3.6,4540,4411,129,2.8
"584","16079",5101,4807,294,5.8,5193,4892,301,5.8,5500,4987,513,9.3,5475,5126,349,6.4,5446,5194,252,4.6
"585","16081",6450,6304,146,2.3,6670,6523,147,2.2,6737,6346,391,5.8,7145,6940,205,2.9,7616,7456,160,2.1
"586","16083",40911,39803,1108,2.7,41602,40455,1147,2.8,41754,39510,2244,5.4,43353,41865,1488,3.4,44257,43091,1166,2.6
"587","16085",5380,5177,203,3.8,5596,5380,216,3.9,5718,5255,463,8.1,5789,5493,296,5.1,5790,5574,216,3.7
"588","16087",4656,4463,193,4.1,4641,4452,189,4.1,4793,4527,266,5.5,4853,4645,208,4.3,4994,4830,164,3.3
"589","17001",33047,31780,1267,3.8,32403,31341,1062,3.3,31302,29301,2001,6.4,31108,29859,1249,4,30780,29758,1022,3.3
"590","17003",2079,1909,170,8.2,1954,1834,120,6.1,1842,1653,189,10.3,1838,1689,149,8.1,1808,1695,113,6.3
"591","17005",7836,7496,340,4.3,7810,7522,288,3.7,7434,6915,519,7,7497,7149,348,4.6,7497,7213,284,3.8
"592","17007",26724,25199,1525,5.7,26494,25065,1429,5.4,25436,22548,2888,11.4,25040,22861,2179,8.7,25074,23471,1603,6.4
"593","17009",2896,2820,76,2.6,3019,2948,71,2.4,2997,2880,117,3.9,3015,2935,80,2.7,3084,3015,69,2.2
"594","17011",17575,16707,868,4.9,17287,16511,776,4.5,16459,15196,1263,7.7,16441,15608,833,5.1,16115,15398,717,4.4
"595","17013",2336,2216,120,5.1,2324,2220,104,4.5,2186,2010,176,8.1,2185,2079,106,4.9,2182,2095,87,4
"596","17015",7511,7178,333,4.4,7417,7125,292,3.9,7473,6931,542,7.3,7556,7225,331,4.4,7354,7071,283,3.8
"597","17017",6147,5872,275,4.5,6108,5865,243,4,5844,5447,397,6.8,5694,5406,288,5.1,5696,5457,239,4.2
"598","17019",108597,103939,4658,4.3,109493,105553,3940,3.6,107408,100294,7114,6.6,108953,103518,5435,5,109793,105667,4126,3.8
"599","17021",14841,14062,779,5.2,14572,13895,677,4.6,13560,12448,1112,8.2,13420,12672,748,5.6,13329,12715,614,4.6
"600","17023",7849,7430,419,5.3,7683,7339,344,4.5,7347,6737,610,8.3,7328,6946,382,5.2,7344,7039,305,4.2
"601","17025",6710,6361,349,5.2,6501,6217,284,4.4,6221,5632,589,9.5,5937,5598,339,5.7,5699,5432,267,4.7
"602","17027",20534,19807,727,3.5,20706,20088,618,3,19762,18590,1172,5.9,19947,19236,711,3.6,19990,19400,590,3
"603","17029",24311,23172,1139,4.7,23969,23042,927,3.9,23169,21434,1735,7.5,22904,21707,1197,5.2,22768,21810,958,4.2
"604","17031",2661947,2550235,111712,4.2,2665026,2560024,105002,3.9,2603951,2326705,277246,10.6,2618124,2436432,181692,6.9,2687539,2552151,135388,5
"605","17033",8765,8295,470,5.4,8717,8354,363,4.2,8436,7834,602,7.1,8433,7996,437,5.2,8276,7936,340,4.1
"606","17035",6129,5884,245,4,6143,5940,203,3.3,5957,5613,344,5.8,5949,5696,253,4.3,5957,5754,203,3.4
"607","17037",55486,53054,2432,4.4,55890,53685,2205,3.9,53144,48722,4422,8.3,53335,50267,3068,5.8,53959,51668,2291,4.2
"608","17039",7604,7221,383,5,7488,7175,313,4.2,7036,6560,476,6.8,7129,6770,359,5,7348,7056,292,4
"609","17041",10347,9928,419,4,10291,9938,353,3.4,10014,9445,569,5.7,10177,9787,390,3.8,10163,9830,333,3.3
"610","17043",520395,503545,16850,3.2,521294,505390,15904,3.1,498432,460331,38101,7.6,504791,482014,22777,4.5,524007,504982,19025,3.6
"611","17045",9335,8891,444,4.8,8989,8616,373,4.1,8937,8324,613,6.9,8968,8592,376,4.2,9155,8843,312,3.4
"612","17047",2797,2668,129,4.6,2728,2615,113,4.1,2682,2440,242,9,2544,2406,138,5.4,2412,2307,105,4.4
"613","17049",19274,18558,716,3.7,19404,18800,604,3.1,19268,17990,1278,6.6,19543,18774,769,3.9,19786,19198,588,3
"614","17051",9844,9334,510,5.2,9965,9545,420,4.2,9758,9014,744,7.6,9842,9324,518,5.3,9677,9261,416,4.3
"615","17053",6471,6169,302,4.7,6374,6109,265,4.2,6191,5779,412,6.7,6236,5950,286,4.6,6312,6059,253,4
"616","17055",16970,15929,1041,6.1,16477,15621,856,5.2,16011,14310,1701,10.6,15791,14727,1064,6.7,15833,15017,816,5.2
"617","17057",15340,14396,944,6.2,15261,14443,818,5.4,14633,13365,1268,8.7,14557,13716,841,5.8,14620,13913,707,4.8
"618","17059",2460,2314,146,5.9,2348,2234,114,4.9,2028,1830,198,9.8,1969,1846,123,6.2,2001,1900,101,5
"619","17061",6042,5749,293,4.8,6081,5831,250,4.1,5923,5522,401,6.8,5936,5644,292,4.9,5901,5659,242,4.1
"620","17063",26094,24829,1265,4.8,26332,25111,1221,4.6,25124,22969,2155,8.6,25388,24042,1346,5.3,26492,25191,1301,4.9
"621","17065",4497,4300,197,4.4,4444,4279,165,3.7,4245,3941,304,7.2,4257,4058,199,4.7,4301,4154,147,3.4
"622","17067",8536,8138,398,4.7,8450,8068,382,4.5,8097,7538,559,6.9,8082,7728,354,4.4,7970,7659,311,3.9
"623","17069",1337,1237,100,7.5,1311,1229,82,6.3,1302,1172,130,10,1364,1268,96,7,1439,1365,74,5.1
"624","17071",3674,3496,178,4.8,3648,3481,167,4.6,3548,3301,247,7,3560,3415,145,4.1,3521,3380,141,4
"625","17073",25139,23887,1252,5,25168,24013,1155,4.6,23827,21932,1895,8,23749,22561,1188,5,23673,22673,1000,4.2
"626","17075",14538,13895,643,4.4,14418,13834,584,4.1,13612,12755,857,6.3,12998,12368,630,4.8,12523,11961,562,4.5
"627","17077",28176,26908,1268,4.5,28097,27074,1023,3.6,27284,25145,2139,7.8,27264,25742,1522,5.6,27041,25912,1129,4.2
"628","17079",4633,4403,230,5,4673,4482,191,4.1,4594,4314,280,6.1,4757,4552,205,4.3,4860,4682,178,3.7
"629","17081",17845,16911,934,5.2,17491,16717,774,4.4,17039,15306,1733,10.2,16607,15556,1051,6.3,16387,15627,760,4.6
"630","17083",11035,10504,531,4.8,11105,10636,469,4.2,10628,9825,803,7.6,10647,10176,471,4.4,10625,10254,371,3.5
"631","17085",11094,10616,478,4.3,10866,10441,425,3.9,10489,9613,876,8.4,10604,10126,478,4.5,10479,10092,387,3.7
"632","17087",4137,3825,312,7.5,4156,3914,242,5.8,4110,3733,377,9.2,4117,3864,253,6.1,4083,3864,219,5.4
"633","17089",275131,261719,13412,4.9,273865,262129,11736,4.3,262522,238193,24329,9.3,261416,245801,15615,6,264745,252819,11926,4.5
"634","17091",55781,52727,3054,5.5,56142,53435,2707,4.8,54173,49312,4861,9,52624,49132,3492,6.6,52033,49298,2735,5.3
"635","17093",70260,67723,2537,3.6,71479,69021,2458,3.4,69572,63989,5583,8,70284,66964,3320,4.7,73203,70254,2949,4
"636","17095",22262,21090,1172,5.3,21859,20816,1043,4.8,21153,19307,1846,8.7,20595,19232,1363,6.6,19932,18900,1032,5.2
"637","17097",379113,362070,17043,4.5,378973,363936,15037,4,365945,336112,29833,8.2,366404,346754,19650,5.4,364001,348753,15248,4.2
"638","17099",56330,53095,3235,5.7,54964,52150,2814,5.1,52950,47896,5054,9.5,52918,49718,3200,6,52113,49574,2539,4.9
"639","17101",6049,5674,375,6.2,5941,5626,315,5.3,5832,5256,576,9.9,5550,5186,364,6.6,5133,4848,285,5.6
"640","17103",17993,17213,780,4.3,17705,17028,677,3.8,17166,15984,1182,6.9,16976,16189,787,4.6,16695,16035,660,4
"641","17105",16732,16009,723,4.3,16662,16011,651,3.9,15957,14868,1089,6.8,15519,14735,784,5.1,15481,14868,613,4
"642","17107",12957,12353,604,4.7,12717,12186,531,4.2,12122,11290,832,6.9,11903,11317,586,4.9,11612,11126,486,4.2
"643","17109",13431,12767,664,4.9,13497,12894,603,4.5,12839,11911,928,7.2,12776,12132,644,5,12782,12255,527,4.1
"644","17111",169689,163544,6145,3.6,170564,164696,5868,3.4,163126,149951,13175,8.1,164803,156995,7808,4.7,171299,164451,6848,4
"645","17113",89397,85716,3681,4.1,88516,85318,3198,3.6,85226,79370,5856,6.9,86036,81998,4038,4.7,88860,85712,3148,3.5
"646","17115",50137,47358,2779,5.5,48922,46452,2470,5,47300,42577,4723,10,46509,42924,3585,7.7,45559,43036,2523,5.5
"647","17117",23157,22030,1127,4.9,23140,22190,950,4.1,22007,20466,1541,7,22209,21181,1028,4.6,22179,21352,827,3.7
"648","17119",135022,128944,6078,4.5,135511,130418,5093,3.8,131563,121231,10332,7.9,132172,125585,6587,5,131598,126670,4928,3.7
"649","17121",17939,17062,877,4.9,17770,17014,756,4.3,17129,15528,1601,9.3,16896,15892,1004,5.9,16732,15962,770,4.6
"650","17123",5459,5172,287,5.3,5366,5118,248,4.6,5079,4706,373,7.3,5111,4823,288,5.6,5112,4875,237,4.6
"651","17125",6342,5966,376,5.9,6319,5996,323,5.1,5936,5459,477,8,5935,5612,323,5.4,5915,5648,267,4.5
"652","17127",5744,5346,398,6.9,5631,5329,302,5.4,5442,4893,549,10.1,5406,5086,320,5.9,5367,5110,257,4.8
"653","17129",6555,6288,267,4.1,6433,6194,239,3.7,6076,5679,397,6.5,6172,5910,262,4.2,6177,5954,223,3.6
"654","17131",8152,7726,426,5.2,8098,7706,392,4.8,7633,7010,623,8.2,7585,7207,378,5,7553,7241,312,4.1
"655","17133",18849,18205,644,3.4,19248,18681,567,2.9,18469,17432,1037,5.6,18653,18052,601,3.2,18736,18212,524,2.8
"656","17135",11956,11254,702,5.9,11812,11221,591,5,11490,10480,1010,8.8,11348,10716,632,5.6,11163,10654,509,4.6
"657","17137",16438,15714,724,4.4,16575,15935,640,3.9,15933,14829,1104,6.9,15790,14985,805,5.1,15634,15007,627,4
"658","17139",7546,7261,285,3.8,7645,7400,245,3.2,7290,6909,381,5.2,7404,7133,271,3.7,7408,7171,237,3.2
"659","17141",25576,24306,1270,5,25093,23923,1170,4.7,24215,22226,1989,8.2,23786,22385,1401,5.9,23919,22772,1147,4.8
"660","17143",86838,82016,4822,5.6,85483,81288,4195,4.9,83878,75110,8768,10.5,83035,77033,6002,7.2,82158,78032,4126,5
"661","17145",8495,7990,505,5.9,8373,7958,415,5,8116,7339,777,9.6,7988,7501,487,6.1,7823,7437,386,4.9
"662","17147",8610,8247,363,4.2,8650,8348,302,3.5,8394,7932,462,5.5,8532,8176,356,4.2,8632,8337,295,3.4
"663","17149",7251,6903,348,4.8,7081,6785,296,4.2,6763,6358,405,6,6838,6550,288,4.2,6760,6479,281,4.2
"664","17151",1768,1662,106,6,1691,1601,90,5.3,1632,1514,118,7.2,1687,1606,81,4.8,1760,1681,79,4.5
"665","17153",2082,1915,167,8,1961,1835,126,6.4,1768,1557,211,11.9,1701,1540,161,9.5,1658,1543,115,6.9
"666","17155",3055,2894,161,5.3,3051,2902,149,4.9,2952,2704,248,8.4,2981,2829,152,5.1,2978,2838,140,4.7
"667","17157",14259,13637,622,4.4,14392,13887,505,3.5,13799,12812,987,7.2,13752,13140,612,4.5,13484,13002,482,3.6
"668","17159",7538,7189,349,4.6,7283,6997,286,3.9,7388,6882,506,6.8,7088,6772,316,4.5,7184,6916,268,3.7
"669","17161",71689,67962,3727,5.2,71254,67843,3411,4.8,68828,62261,6567,9.5,67977,64119,3858,5.7,67317,64425,2892,4.3
"670","17163",127381,120976,6405,5,127832,122400,5432,4.2,124713,113223,11490,9.2,124987,117304,7683,6.1,123609,118301,5308,4.3
"671","17165",9903,9265,638,6.4,9696,9203,493,5.1,9555,8607,948,9.9,9327,8695,632,6.8,9296,8828,468,5
"672","17167",101871,97366,4505,4.4,100266,96324,3942,3.9,97057,88967,8090,8.3,98217,92683,5534,5.6,97397,93403,3994,4.1
"673","17169",3353,3205,148,4.4,3278,3147,131,4,3146,2945,201,6.4,3172,3040,132,4.2,3095,2967,128,4.1
"674","17171",2491,2362,129,5.2,2522,2406,116,4.6,2359,2201,158,6.7,2315,2194,121,5.2,2292,2182,110,4.8
"675","17173",10781,10322,459,4.3,10685,10284,401,3.8,10280,9593,687,6.7,10202,9754,448,4.4,9968,9563,405,4.1
"676","17175",2601,2439,162,6.2,2535,2395,140,5.5,2366,2190,176,7.4,2373,2241,132,5.6,2383,2267,116,4.9
"677","17177",22269,21234,1035,4.6,21897,20980,917,4.2,21170,19602,1568,7.4,20904,19728,1176,5.6,20727,19794,933,4.5
"678","17179",65213,62052,3161,4.8,64477,61747,2730,4.2,62164,57068,5096,8.2,61650,58510,3140,5.1,61791,59270,2521,4.1
"679","17181",7484,7005,479,6.4,7494,7086,408,5.4,7212,6622,590,8.2,7161,6744,417,5.8,7081,6723,358,5.1
"680","17183",33208,31141,2067,6.2,32757,31112,1645,5,32061,29058,3003,9.4,31684,29562,2122,6.7,31891,30296,1595,5
"681","17185",5838,5549,289,5,5875,5637,238,4.1,5783,5222,561,9.7,5514,5250,264,4.8,5727,5536,191,3.3
"682","17187",8748,8384,364,4.2,8545,8211,334,3.9,8100,7584,516,6.4,7834,7458,376,4.8,7783,7478,305,3.9
"683","17189",9911,9620,291,2.9,10058,9810,248,2.5,9578,9070,508,5.3,9636,9336,300,3.1,9756,9520,236,2.4
"684","17191",6940,6557,383,5.5,7027,6705,322,4.6,6799,6225,574,8.4,6820,6485,335,4.9,6950,6680,270,3.9
"685","17193",6751,6463,288,4.3,6651,6402,249,3.7,6133,5636,497,8.1,5988,5687,301,5,6031,5798,233,3.9
"686","17195",28715,27427,1288,4.5,28862,27684,1178,4.1,27753,25510,2243,8.1,27450,26090,1360,5,27463,26354,1109,4
"687","17197",366045,350711,15334,4.2,368247,353613,14634,4,355453,322825,32628,9.2,358350,337883,20467,5.7,371526,354402,17124,4.6
"688","17199",32269,30638,1631,5.1,32318,30987,1331,4.1,31509,28746,2763,8.8,31203,29432,1771,5.7,30952,29632,1320,4.3
"689","17201",141982,133935,8047,5.7,140212,132601,7611,5.4,136180,120514,15666,11.5,133619,122225,11394,8.5,133220,125490,7730,5.8
"690","17203",19155,18378,777,4.1,19034,18354,680,3.6,18052,16926,1126,6.2,18091,17351,740,4.1,18191,17568,623,3.4
"691","18001",17550,17094,456,2.6,17449,16978,471,2.7,16889,15931,958,5.7,16883,16477,406,2.4,17121,16744,377,2.2
"692","18003",185243,179412,5831,3.1,188315,182416,5899,3.1,186757,172064,14693,7.9,186034,178566,7468,4,189481,184053,5428,2.9
"693","18005",45272,44084,1188,2.6,45367,44236,1131,2.5,43976,41049,2927,6.7,43226,41874,1352,3.1,44359,43311,1048,2.4
"694","18007",4577,4429,148,3.2,4554,4409,145,3.2,4191,3963,228,5.4,4252,4126,126,3,4423,4316,107,2.4
"695","18009",5338,5134,204,3.8,5028,4833,195,3.9,4863,4469,394,8.1,4716,4526,190,4,4795,4629,166,3.5
"696","18011",36313,35336,977,2.7,36870,35965,905,2.5,36352,34766,1586,4.4,37291,36431,860,2.3,38362,37588,774,2
"697","18013",7717,7474,243,3.1,7670,7440,230,3,7584,7062,522,6.9,7713,7439,274,3.6,7919,7659,260,3.3
"698","18015",10259,9924,335,3.3,10162,9854,308,3,9473,8872,601,6.3,9631,9312,319,3.3,10008,9720,288,2.9
"699","18017",18313,17643,670,3.7,18147,17521,626,3.4,17759,16524,1235,7,17406,16713,693,4,17385,16822,563,3.2
"700","18019",62072,59963,2109,3.4,62715,60656,2059,3.3,62098,57537,4561,7.3,62255,60077,2178,3.5,62936,61227,1709,2.7
"701","18021",12365,11885,480,3.9,11859,11427,432,3.6,11675,10895,780,6.7,11592,11142,450,3.9,11699,11308,391,3.3
"702","18023",17238,16753,485,2.8,17329,16867,462,2.7,16854,15885,969,5.7,16893,16384,509,3,17232,16794,438,2.5
"703","18025",4965,4744,221,4.5,4904,4704,200,4.1,4904,4544,360,7.3,4843,4649,194,4,4836,4668,168,3.5
"704","18027",16564,16118,446,2.7,16870,16433,437,2.6,16661,16011,650,3.9,16546,16123,423,2.6,16713,16328,385,2.3
"705","18029",25954,25013,941,3.6,26044,25128,916,3.5,25536,23738,1798,7,25598,24766,832,3.3,26033,25354,679,2.6
"706","18031",14994,14549,445,3,15565,15133,432,2.8,15058,13908,1150,7.6,14864,14397,467,3.1,14613,14239,374,2.6
"707","18033",22573,21937,636,2.8,22817,22176,641,2.8,22364,20801,1563,7,22233,21571,662,3,22489,21894,595,2.6
"708","18035",54313,52145,2168,4,53861,51793,2068,3.8,52841,48901,3940,7.5,51551,49300,2251,4.4,51595,49772,1823,3.5
"709","18037",23409,22833,576,2.5,23324,22771,553,2.4,22750,21700,1050,4.6,22197,21615,582,2.6,22045,21552,493,2.2
"710","18039",116395,113397,2998,2.6,113331,109856,3475,3.1,111287,102748,8539,7.7,116427,113193,3234,2.8,118711,115739,2972,2.5
"711","18041",9183,8761,422,4.6,8826,8413,413,4.7,8663,7803,860,9.9,8470,8060,410,4.8,8388,8018,370,4.4
"712","18043",41939,40569,1370,3.3,42413,41093,1320,3.1,41612,38859,2753,6.6,41829,40556,1273,3,42390,41340,1050,2.5
"713","18045",8105,7812,293,3.6,8062,7781,281,3.5,7767,7246,521,6.7,7731,7489,242,3.1,8011,7790,221,2.8
"714","18047",11437,11016,421,3.7,11554,11161,393,3.4,11399,10714,685,6,11303,10966,337,3,11375,11073,302,2.7
"715","18049",10032,9697,335,3.3,9955,9643,312,3.1,9744,9092,652,6.7,9519,9173,346,3.6,9572,9281,291,3
"716","18051",19494,18978,516,2.6,19689,19196,493,2.5,19712,18469,1243,6.3,19355,18826,529,2.7,20038,19588,450,2.2
"717","18053",32268,31039,1229,3.8,32032,30858,1174,3.7,31823,29770,2053,6.5,31482,30192,1290,4.1,31699,30667,1032,3.3
"718","18055",13782,13177,605,4.4,13744,13178,566,4.1,13360,12515,845,6.3,13470,12957,513,3.8,13678,13160,518,3.8
"719","18057",183612,178676,4936,2.7,188860,184123,4737,2.5,186215,177364,8851,4.8,190416,185827,4589,2.4,195968,191796,4172,2.1
"720","18059",40266,39054,1212,3,41370,40210,1160,2.8,41049,38696,2353,5.7,41700,40527,1173,2.8,42932,41828,1104,2.6
"721","18061",20476,19778,698,3.4,20573,19918,655,3.2,20104,18818,1286,6.4,20239,19648,591,2.9,20538,20025,513,2.5
"722","18063",89880,87299,2581,2.9,92077,89605,2472,2.7,90873,86198,4675,5.1,92814,90259,2555,2.8,95478,93184,2294,2.4
"723","18065",22491,21708,783,3.5,22322,21597,725,3.2,22035,20561,1474,6.7,21922,21135,787,3.6,22299,21596,703,3.2
"724","18067",37544,36019,1525,4.1,36710,35234,1476,4,37407,33275,4132,11,35222,32842,2380,6.8,33651,31969,1682,5
"725","18069",18438,17790,648,3.5,18409,17810,599,3.3,18185,16964,1221,6.7,18184,17590,594,3.3,18421,17934,487,2.6
"726","18071",22895,22247,648,2.8,23090,22483,607,2.6,23263,21566,1697,7.3,23464,22692,772,3.3,23684,23037,647,2.7
"727","18073",16523,15879,644,3.9,16332,15728,604,3.7,15643,14519,1124,7.2,15594,14996,598,3.8,15970,15440,530,3.3
"728","18075",9809,9487,322,3.3,9486,9203,283,3,8875,8283,592,6.7,8822,8561,261,3,8888,8649,239,2.7
"729","18077",15158,14644,514,3.4,15205,14696,509,3.3,15059,13922,1137,7.6,15012,14493,519,3.5,15114,14692,422,2.8
"730","18079",13643,13151,492,3.6,13698,13254,444,3.2,13653,12587,1066,7.8,13483,12942,541,4,13640,13195,445,3.3
"731","18081",82938,80561,2377,2.9,84314,82055,2259,2.7,83568,78779,4789,5.7,84888,82476,2412,2.8,87218,85144,2074,2.4
"732","18083",18914,18319,595,3.1,18635,18071,564,3,18398,17284,1114,6.1,18225,17657,568,3.1,18208,17725,483,2.7
"733","18085",42879,41759,1120,2.6,42801,41616,1185,2.8,41659,39042,2617,6.3,40799,39563,1236,3,40920,39890,1030,2.5
"734","18087",20713,20199,514,2.5,20159,19601,558,2.8,19429,18161,1268,6.5,20604,20157,447,2.2,21647,21180,467,2.2
"735","18089",232541,221122,11419,4.9,230022,218691,11331,4.9,227902,203979,23923,10.5,226601,211918,14683,6.5,228203,217774,10429,4.6
"736","18091",48231,46145,2086,4.3,47774,45737,2037,4.3,47710,43041,4669,9.8,46967,44438,2529,5.4,47120,45382,1738,3.7
"737","18093",21196,20388,808,3.8,21258,20497,761,3.6,20828,19345,1483,7.1,20886,20090,796,3.8,20773,20078,695,3.3
"738","18095",59172,56876,2296,3.9,59353,57170,2183,3.7,58862,54096,4766,8.1,59295,56631,2664,4.5,60466,58460,2006,3.3
"739","18097",490263,473205,17058,3.5,497466,481261,16205,3.3,496408,456101,40307,8.1,502338,478125,24213,4.8,509473,493405,16068,3.2
"740","18099",23442,22704,738,3.1,23448,22728,720,3.1,22843,21347,1496,6.5,22679,22018,661,2.9,23072,22481,591,2.6
"741","18101",5235,5092,143,2.7,5416,5274,142,2.6,5445,5206,239,4.4,5444,5291,153,2.8,5486,5337,149,2.7
"742","18103",15880,15249,631,4,15409,14807,602,3.9,15287,14016,1271,8.3,14842,14122,720,4.9,14399,13810,589,4.1
"743","18105",69782,67285,2497,3.6,70825,68475,2350,3.3,68388,64504,3884,5.7,69067,66835,2232,3.2,71487,69489,1998,2.8
"744","18107",19168,18591,577,3,18971,18397,574,3,18737,17744,993,5.3,18596,18063,533,2.9,18984,18508,476,2.5
"745","18109",36399,35171,1228,3.4,36677,35555,1122,3.1,35727,33743,1984,5.6,36552,35387,1165,3.2,37545,36503,1042,2.8
"746","18111",7077,6772,305,4.3,6942,6654,288,4.1,6603,6139,464,7,6625,6356,269,4.1,6782,6538,244,3.6
"747","18113",23731,23040,691,2.9,23875,23142,733,3.1,23014,21058,1956,8.5,22162,21375,787,3.6,21912,21291,621,2.8
"748","18115",3199,3088,111,3.5,3238,3126,112,3.5,3182,2943,239,7.5,3163,3075,88,2.8,3216,3146,70,2.2
"749","18117",8597,8264,333,3.9,8725,8428,297,3.4,8568,7599,969,11.3,8237,7849,388,4.7,8264,7983,281,3.4
"750","18119",9368,8962,406,4.3,9364,8991,373,4,9079,8490,589,6.5,9151,8791,360,3.9,9436,9137,299,3.2
"751","18121",7173,6888,285,4,7077,6809,268,3.8,6901,6515,386,5.6,6989,6766,223,3.2,7102,6886,216,3
"752","18123",9361,9017,344,3.7,9308,9002,306,3.3,9142,8533,609,6.7,8887,8585,302,3.4,8797,8525,272,3.1
"753","18125",6156,5943,213,3.5,6163,5961,202,3.3,6214,5845,369,5.9,5853,5629,224,3.8,5919,5731,188,3.2
"754","18127",87650,84325,3325,3.8,86853,83596,3257,3.8,84914,77924,6990,8.2,84495,80973,3522,4.2,86013,83203,2810,3.3
"755","18129",13762,13376,386,2.8,13557,13187,370,2.7,12861,12213,648,5,12962,12590,372,2.9,13102,12793,309,2.4
"756","18131",6529,6328,201,3.1,6586,6387,199,3,6445,6047,398,6.2,6339,6136,203,3.2,6581,6411,170,2.6
"757","18133",16823,16190,633,3.8,16758,16183,575,3.4,16301,15251,1050,6.4,16514,15960,554,3.4,16999,16475,524,3.1
"758","18135",11651,11200,451,3.9,11387,10967,420,3.7,11272,10519,753,6.7,11834,11447,387,3.3,11597,11251,346,3
"759","18137",14151,13647,504,3.6,14428,13966,462,3.2,14017,13105,912,6.5,13628,13210,418,3.1,12903,12511,392,3
"760","18139",9068,8810,258,2.8,9080,8840,240,2.6,8826,8265,561,6.4,8843,8573,270,3.1,8955,8734,221,2.5
"761","18141",136935,132095,4840,3.5,138947,134019,4928,3.5,134465,122880,11585,8.6,132238,126197,6041,4.6,132460,127958,4502,3.4
"762","18143",10658,10246,412,3.9,10656,10277,379,3.6,10538,9630,908,8.6,10494,10044,450,4.3,10597,10240,357,3.4
"763","18145",23170,22454,716,3.1,23318,22646,672,2.9,23180,21477,1703,7.3,23253,22486,767,3.3,23800,23210,590,2.5
"764","18147",11015,10657,358,3.3,10924,10587,337,3.1,10409,9816,593,5.7,10527,10209,318,3,10563,10285,278,2.6
"765","18149",10442,9989,453,4.3,9970,9540,430,4.3,9815,9010,805,8.2,9633,9184,449,4.7,9567,9206,361,3.8
"766","18151",20385,19845,540,2.6,20822,20269,553,2.7,20044,18767,1277,6.4,20182,19625,557,2.8,20778,20331,447,2.2
"767","18153",8623,8224,399,4.6,8235,7878,357,4.3,8020,7454,566,7.1,7923,7589,334,4.2,8018,7716,302,3.8
"768","18155",5088,4891,197,3.9,5059,4891,168,3.3,4840,4442,398,8.2,4717,4541,176,3.7,4758,4625,133,2.8
"769","18157",98457,95342,3115,3.2,98588,95637,2951,3,92415,86285,6130,6.6,94521,91099,3422,3.6,97885,95116,2769,2.8
"770","18159",9267,9010,257,2.8,9392,9140,252,2.7,9089,8518,571,6.3,9056,8757,299,3.3,9011,8756,255,2.8
"771","18161",3576,3464,112,3.1,3606,3490,116,3.2,3493,3296,197,5.6,3516,3425,91,2.6,3600,3512,88,2.4
"772","18163",95341,92336,3005,3.2,94720,91816,2904,3.1,92814,86071,6743,7.3,92510,88844,3666,4,93004,90191,2813,3
"773","18165",7181,6789,392,5.5,6886,6521,365,5.3,6645,6137,508,7.6,6556,6267,289,4.4,6604,6365,239,3.6
"774","18167",49274,47128,2146,4.4,47141,45071,2070,4.4,46540,42819,3721,8,45984,43837,2147,4.7,46094,44458,1636,3.5
"775","18169",15040,14525,515,3.4,15119,14653,466,3.1,14571,13664,907,6.2,14526,14057,469,3.2,14626,14227,399,2.7
"776","18171",4221,4086,135,3.2,4225,4100,125,3,3990,3768,222,5.6,4021,3907,114,2.8,4129,4023,106,2.6
"777","18173",33322,32350,972,2.9,33261,32299,962,2.9,32036,30264,1772,5.5,32213,31292,921,2.9,32592,31752,840,2.6
"778","18175",13875,13389,486,3.5,13887,13432,455,3.3,13653,12689,964,7.1,13662,13196,466,3.4,13839,13471,368,2.7
"779","18177",31363,30245,1118,3.6,31141,30043,1098,3.5,30338,28249,2089,6.9,29818,28654,1164,3.9,29809,28881,928,3.1
"780","18179",14446,14042,404,2.8,14533,14140,393,2.7,13965,13141,824,5.9,13987,13591,396,2.8,14353,14022,331,2.3
"781","18181",13728,13310,418,3,13657,13292,365,2.7,13258,12571,687,5.2,13239,12852,387,2.9,13419,13084,335,2.5
"782","18183",17732,17226,506,2.9,17788,17261,527,3,17390,16336,1054,6.1,17425,16911,514,2.9,17877,17445,432,2.4
"783","19001",4188,4087,101,2.4,4329,4231,98,2.3,4217,4055,162,3.8,4327,4205,122,2.8,4345,4254,91,2.1
"784","19003",2144,2102,42,2,2212,2175,37,1.7,2046,1970,76,3.7,2058,2003,55,2.7,2131,2089,42,2
"785","19005",7466,7234,232,3.1,7493,7237,256,3.4,7061,6710,351,5,7095,6802,293,4.1,7128,6859,269,3.8
"786","19007",5962,5761,201,3.4,6053,5843,210,3.5,5904,5595,309,5.2,6009,5777,232,3.9,6072,5898,174,2.9
"787","19009",3129,3051,78,2.5,3166,3089,77,2.4,3009,2908,101,3.4,3071,2983,88,2.9,3085,3015,70,2.3
"788","19011",13505,13133,372,2.8,13751,13357,394,2.9,12849,12209,640,5,13014,12494,520,4,13187,12792,395,3
"789","19013",69404,67431,1973,2.8,70518,68324,2194,3.1,67468,63393,4075,6,67581,64792,2789,4.1,68037,66054,1983,2.9
"790","19015",15029,14703,326,2.2,15178,14828,350,2.3,14504,13927,577,4,14705,14244,461,3.1,14924,14586,338,2.3
"791","19017",13982,13692,290,2.1,14341,14021,320,2.2,13712,13189,523,3.8,13882,13478,404,2.9,14047,13723,324,2.3
"792","19019",11361,11066,295,2.6,11574,11266,308,2.7,11149,10651,498,4.5,11282,10905,377,3.3,11369,11054,315,2.8
"793","19021",11687,11439,248,2.1,11898,11656,242,2,11677,11258,419,3.6,11646,11311,335,2.9,11802,11527,275,2.3
"794","19023",7916,7696,220,2.8,8026,7777,249,3.1,7700,7350,350,4.5,7934,7665,269,3.4,8246,8016,230,2.8
"795","19025",4338,4227,111,2.6,4320,4214,106,2.5,4080,3917,163,4,4110,3964,146,3.6,4202,4095,107,2.5
"796","19027",10955,10748,207,1.9,11119,10909,210,1.9,10556,10147,409,3.9,10654,10357,297,2.8,10832,10619,213,2
"797","19029",7193,6999,194,2.7,7027,6834,193,2.7,6767,6509,258,3.8,6819,6592,227,3.3,6895,6725,170,2.5
"798","19031",10920,10651,269,2.5,11008,10742,266,2.4,10414,9969,445,4.3,10448,10093,355,3.4,10572,10292,280,2.6
"799","19033",23585,22960,625,2.6,23967,23329,638,2.7,23139,21959,1180,5.1,22674,21796,878,3.9,22469,21847,622,2.8
"800","19035",6059,5927,132,2.2,6252,6100,152,2.4,6203,5972,231,3.7,6180,5992,188,3,6166,6026,140,2.3
"801","19037",6497,6320,177,2.7,6588,6405,183,2.8,6293,6006,287,4.6,6436,6228,208,3.2,6618,6452,166,2.5
"802","19039",4876,4736,140,2.9,4965,4825,140,2.8,4780,4528,252,5.3,4940,4750,190,3.8,5010,4864,146,2.9
"803","19041",8634,8353,281,3.3,8634,8403,231,2.7,8395,8025,370,4.4,8555,8272,283,3.3,8584,8354,230,2.7
"804","19043",10270,9940,330,3.2,10313,9948,365,3.5,9689,9149,540,5.6,9702,9255,447,4.6,9625,9257,368,3.8
"805","19045",22952,22205,747,3.3,23189,22350,839,3.6,22069,20614,1455,6.6,22080,21027,1053,4.8,22347,21572,775,3.5
"806","19047",8269,7983,286,3.5,8264,7979,285,3.4,7948,7539,409,5.1,7856,7488,368,4.7,7871,7553,318,4
"807","19049",49269,48409,860,1.7,51941,50961,980,1.9,50843,49070,1773,3.5,52398,51029,1369,2.6,54305,53221,1084,2
"808","19051",4263,4147,116,2.7,4287,4169,118,2.8,4127,3965,162,3.9,4210,4083,127,3,4323,4219,104,2.4
"809","19053",4386,4286,100,2.3,4440,4344,96,2.2,4210,4052,158,3.8,4313,4182,131,3,4282,4176,106,2.5
"810","19055",10565,10343,222,2.1,10765,10520,245,2.3,10417,10012,405,3.9,10488,10173,315,3,10571,10328,243,2.3
"811","19057",19681,19028,653,3.3,19655,18903,752,3.8,18631,17272,1359,7.3,18548,17497,1051,5.7,18322,17556,766,4.2
"812","19059",9966,9645,321,3.2,10228,9941,287,2.8,9802,9314,488,5,10254,9891,363,3.5,10722,10423,299,2.8
"813","19061",56024,54649,1375,2.5,57062,55599,1463,2.6,55201,52046,3155,5.7,55505,53303,2202,4,56523,54920,1603,2.8
"814","19063",5364,5215,149,2.8,5342,5209,133,2.5,5049,4804,245,4.9,4963,4781,182,3.7,4952,4810,142,2.9
"815","19065",10647,10326,321,3,10767,10394,373,3.5,10269,9719,550,5.4,10254,9820,434,4.2,10381,10054,327,3.1
"816","19067",8935,8691,244,2.7,8971,8662,309,3.4,8256,7769,487,5.9,8283,7962,321,3.9,8387,8142,245,2.9
"817","19069",5852,5726,126,2.2,5798,5665,133,2.3,5600,5392,208,3.7,5680,5489,191,3.4,5651,5507,144,2.5
"818","19071",3764,3692,72,1.9,3772,3672,100,2.7,3705,3593,112,3,3756,3658,98,2.6,3756,3666,90,2.4
"819","19073",5459,5333,126,2.3,5504,5376,128,2.3,5323,5101,222,4.2,5381,5214,167,3.1,5415,5304,111,2
"820","19075",6588,6421,167,2.5,6661,6483,178,2.7,6305,6036,269,4.3,6377,6166,211,3.3,6425,6264,161,2.5
"821","19077",5609,5460,149,2.7,5669,5503,166,2.9,5404,5140,264,4.9,5539,5328,211,3.8,5678,5518,160,2.8
"822","19079",7034,6842,192,2.7,7018,6825,193,2.8,6792,6499,293,4.3,6862,6600,262,3.8,6952,6759,193,2.8
"823","19081",6046,5904,142,2.3,5996,5856,140,2.3,5767,5504,263,4.6,5770,5572,198,3.4,5757,5625,132,2.3
"824","19083",8348,8107,241,2.9,8242,7988,254,3.1,7793,7441,352,4.5,7857,7562,295,3.8,7887,7654,233,3
"825","19085",7347,7181,166,2.3,7407,7228,179,2.4,6989,6709,280,4,7090,6841,249,3.5,7179,6988,191,2.7
"826","19087",9840,9594,246,2.5,9967,9711,256,2.6,9481,8988,493,5.2,9556,9195,361,3.8,9540,9263,277,2.9
"827","19089",5252,5117,135,2.6,5251,5107,144,2.7,5110,4888,222,4.3,5168,4988,180,3.5,5273,5109,164,3.1
"828","19091",5256,5122,134,2.5,5206,5071,135,2.6,4948,4744,204,4.1,4988,4832,156,3.1,4958,4837,121,2.4
"829","19093",4143,4061,82,2,4195,4114,81,1.9,3987,3847,140,3.5,4003,3889,114,2.8,3997,3909,88,2.2
"830","19095",10558,10336,222,2.1,10704,10474,230,2.1,10084,9649,435,4.3,10017,9673,344,3.4,9869,9622,247,2.5
"831","19097",11082,10771,311,2.8,11185,10843,342,3.1,10614,9981,633,6,10680,10201,479,4.5,10745,10401,344,3.2
"832","19099",19597,19072,525,2.7,20098,19523,575,2.9,19228,18226,1002,5.2,19312,18561,751,3.9,18747,18184,563,3
"833","19101",9846,9621,225,2.3,10212,9968,244,2.4,9817,9287,530,5.4,10015,9642,373,3.7,10042,9794,248,2.5
"834","19103",86767,85066,1701,2,88238,86512,1726,2,84763,80767,3996,4.7,85233,82375,2858,3.4,86913,84948,1965,2.3
"835","19105",10708,10384,324,3,10850,10515,335,3.1,10249,9678,571,5.6,10314,9900,414,4,10453,10120,333,3.2
"836","19107",5213,5061,152,2.9,5329,5161,168,3.2,5156,4907,249,4.8,5229,5021,208,4,5231,5073,158,3
"837","19109",8615,8438,177,2.1,8574,8390,184,2.1,8124,7823,301,3.7,8211,7970,241,2.9,8354,8163,191,2.3
"838","19111",16157,15500,657,4.1,16356,15733,623,3.8,15677,14669,1008,6.4,15389,14568,821,5.3,14957,14293,664,4.4
"839","19113",121787,118352,3435,2.8,124712,121191,3521,2.8,119698,112250,7448,6.2,120272,114883,5389,4.5,121518,117808,3710,3.1
"840","19115",6131,5967,164,2.7,6144,5962,182,3,5955,5668,287,4.8,5918,5688,230,3.9,5931,5748,183,3.1
"841","19117",4549,4458,91,2,4723,4630,93,2,4622,4456,166,3.6,4637,4506,131,2.8,4667,4567,100,2.1
"842","19119",7073,6963,110,1.6,7176,7061,115,1.6,6852,6684,168,2.5,7017,6871,146,2.1,7099,6970,129,1.8
"843","19121",8530,8255,275,3.2,8731,8420,311,3.6,8376,7907,469,5.6,8562,8215,347,4.1,8824,8549,275,3.1
"844","19123",11848,11550,298,2.5,12076,11780,296,2.5,11869,11315,554,4.7,12086,11684,402,3.3,12287,11988,299,2.4
"845","19125",18101,17724,377,2.1,18654,18267,387,2.1,17985,17245,740,4.1,18687,18159,528,2.8,19311,18913,398,2.1
"846","19127",18259,17435,824,4.5,18213,17415,798,4.4,17564,16347,1217,6.9,17437,16431,1006,5.8,17474,16556,918,5.3
"847","19129",7360,7203,157,2.1,7496,7326,170,2.3,6976,6702,274,3.9,7058,6835,223,3.2,7157,6992,165,2.3
"848","19131",5994,5885,109,1.8,6860,6745,115,1.7,6066,5864,202,3.3,5865,5705,160,2.7,5904,5783,121,2
"849","19133",4509,4383,126,2.8,4515,4385,130,2.9,4379,4175,204,4.7,4446,4270,176,4,4434,4307,127,2.9
"850","19135",3950,3832,118,3,4086,3965,121,3,3955,3754,201,5.1,3979,3831,148,3.7,4051,3937,114,2.8
"851","19137",4989,4866,123,2.5,5072,4942,130,2.6,4864,4642,222,4.6,4914,4732,182,3.7,5002,4879,123,2.5
"852","19139",22042,21448,594,2.7,22191,21573,618,2.8,21343,20107,1236,5.8,20982,20091,891,4.2,21178,20551,627,3
"853","19141",8211,8046,165,2,8383,8207,176,2.1,8109,7842,267,3.3,8156,7934,222,2.7,8196,8020,176,2.1
"854","19143",3563,3494,69,1.9,3583,3516,67,1.9,3508,3409,99,2.8,3554,3477,77,2.2,3646,3582,64,1.8
"855","19145",6474,6309,165,2.5,6483,6322,161,2.5,6207,5903,304,4.9,6356,6121,235,3.7,6513,6354,159,2.4
"856","19147",4923,4814,109,2.2,4876,4772,104,2.1,4559,4354,205,4.5,4546,4409,137,3,4530,4416,114,2.5
"857","19149",14850,14562,288,1.9,15084,14755,329,2.2,14356,13849,507,3.5,14586,14188,398,2.7,14897,14586,311,2.1
"858","19151",4400,4319,81,1.8,4571,4486,85,1.9,4220,4075,145,3.4,4251,4134,117,2.8,4317,4225,92,2.1
"859","19153",267383,260421,6962,2.6,273930,266367,7563,2.8,264856,249212,15644,5.9,270147,259270,10877,4,278130,270658,7472,2.7
"860","19155",48266,47114,1152,2.4,48893,47722,1171,2.4,47165,44721,2444,5.2,47425,45605,1820,3.8,48033,46712,1321,2.8
"861","19157",10593,10340,253,2.4,10526,10256,270,2.6,9781,9310,471,4.8,10068,9664,404,4,10331,10048,283,2.7
"862","19159",2557,2485,72,2.8,2499,2429,70,2.8,2376,2286,90,3.8,2411,2337,74,3.1,2377,2323,54,2.3
"863","19161",5360,5232,128,2.4,5387,5263,124,2.3,5179,5000,179,3.5,5252,5094,158,3,5300,5172,128,2.4
"864","19163",88647,85996,2651,3,90838,87905,2933,3.2,86961,81187,5774,6.6,87631,83375,4256,4.9,89009,86166,2843,3.2
"865","19165",6734,6598,136,2,6776,6636,140,2.1,6357,6132,225,3.5,6401,6216,185,2.9,6482,6337,145,2.2
"866","19167",20746,20371,375,1.8,21433,21043,390,1.8,21199,20652,547,2.6,22038,21558,480,2.2,22514,22094,420,1.9
"867","19169",58596,57648,948,1.6,59210,58156,1054,1.8,56797,54788,2009,3.5,57779,56226,1553,2.7,59683,58481,1202,2
"868","19171",9604,9315,289,3,9657,9366,291,3,9245,8781,464,5,9194,8807,387,4.2,9238,8935,303,3.3
"869","19173",3276,3211,65,2,3238,3178,60,1.9,3078,2968,110,3.6,3128,3039,89,2.8,3164,3102,62,2
"870","19175",6450,6218,232,3.6,6390,6190,200,3.1,6172,5819,353,5.7,6094,5849,245,4,6139,5971,168,2.7
"871","19177",3758,3657,101,2.7,3725,3628,97,2.6,3675,3510,165,4.5,3665,3539,126,3.4,3710,3606,104,2.8
"872","19179",17895,17273,622,3.5,18035,17393,642,3.6,17371,16352,1019,5.9,17013,16251,762,4.5,16964,16414,550,3.2
"873","19181",28136,27482,654,2.3,28874,28162,712,2.5,27783,26544,1239,4.5,28564,27602,962,3.4,29503,28787,716,2.4
"874","19183",12119,11827,292,2.4,12194,11900,294,2.4,11424,10964,460,4,11569,11178,391,3.4,11785,11480,305,2.6
"875","19185",2803,2725,78,2.8,2864,2791,73,2.5,2794,2672,122,4.4,2847,2754,93,3.3,2945,2870,75,2.5
"876","19187",19400,18759,641,3.3,19742,19145,597,3,18680,17719,961,5.1,18667,17894,773,4.1,18954,18391,563,3
"877","19189",5062,4930,132,2.6,5201,5061,140,2.7,5051,4735,316,6.3,5009,4820,189,3.8,5045,4910,135,2.7
"878","19191",11934,11612,322,2.7,12110,11773,337,2.8,11142,10610,532,4.8,11472,11042,430,3.7,11524,11164,360,3.1
"879","19193",55697,54279,1418,2.5,56794,55298,1496,2.6,54622,51803,2819,5.2,55254,53118,2136,3.9,56374,54832,1542,2.7
"880","19195",4219,4102,117,2.8,4260,4144,116,2.7,4095,3879,216,5.3,4035,3881,154,3.8,4029,3921,108,2.7
"881","19197",6543,6371,172,2.6,7081,6904,177,2.5,6982,6711,271,3.9,6709,6455,254,3.8,6627,6457,170,2.6
"882","20001",6391,6136,255,4,6518,6280,238,3.7,6434,6089,345,5.4,6496,6292,204,3.1,6312,6130,182,2.9
"883","20003",4156,4012,144,3.5,4226,4083,143,3.4,4308,4133,175,4.1,4640,4521,119,2.6,4356,4257,99,2.3
"884","20005",7071,6746,325,4.6,7076,6697,379,5.4,6896,6430,466,6.8,6782,6518,264,3.9,6789,6552,237,3.5
"885","20007",2402,2341,61,2.5,2341,2280,61,2.6,2325,2250,75,3.2,2307,2261,46,2,2276,2229,47,2.1
"886","20009",13651,13209,442,3.2,13771,13330,441,3.2,13719,13092,627,4.6,13350,12951,399,3,13133,12788,345,2.6
"887","20011",7154,6854,300,4.2,6776,6479,297,4.4,6731,6348,383,5.7,6503,6256,247,3.8,6275,6057,218,3.5
"888","20013",5416,5251,165,3,5408,5233,175,3.2,5168,4940,228,4.4,5142,5000,142,2.8,5089,4969,120,2.4
"889","20015",32246,31137,1109,3.4,32911,31813,1098,3.3,32590,30453,2137,6.6,32566,31401,1165,3.6,32766,31856,910,2.8
"890","20017",1479,1440,39,2.6,1551,1507,44,2.8,1460,1381,79,5.4,1380,1346,34,2.5,1392,1362,30,2.2
"891","20019",1427,1370,57,4,1449,1392,57,3.9,1489,1398,91,6.1,1465,1406,59,4,1431,1391,40,2.8
"892","20021",10124,9746,378,3.7,10237,9873,364,3.6,10035,9513,522,5.2,9910,9612,298,3,9881,9622,259,2.6
"893","20023",1322,1291,31,2.3,1319,1286,33,2.5,1308,1280,28,2.1,1295,1271,24,1.9,1259,1229,30,2.4
"894","20025",1072,1046,26,2.4,1079,1053,26,2.4,1142,1119,23,2,1133,1112,21,1.9,1110,1088,22,2
"895","20027",3819,3696,123,3.2,3818,3693,125,3.3,3830,3661,169,4.4,3790,3689,101,2.7,3744,3646,98,2.6
"896","20029",3819,3687,132,3.5,3825,3697,128,3.3,3864,3708,156,4,3899,3787,112,2.9,3832,3729,103,2.7
"897","20031",4123,3929,194,4.7,4042,3854,188,4.7,3957,3754,203,5.1,3979,3847,132,3.3,3783,3652,131,3.5
"898","20033",893,871,22,2.5,876,852,24,2.7,870,841,29,3.3,897,877,20,2.2,869,850,19,2.2
"899","20035",16946,16367,579,3.4,16488,15918,570,3.5,16881,15783,1098,6.5,16699,16113,586,3.5,16444,15958,486,3
"900","20037",18934,18177,757,4,19009,18248,761,4,19047,18002,1045,5.5,18929,18313,616,3.3,19088,18533,555,2.9
"901","20039",1263,1226,37,2.9,1249,1210,39,3.1,1231,1187,44,3.6,1207,1175,32,2.7,1180,1146,34,2.9
"902","20041",9186,8865,321,3.5,8958,8632,326,3.6,8921,8495,426,4.8,9066,8789,277,3.1,8647,8406,241,2.8
"903","20043",4187,4038,149,3.6,4183,4039,144,3.4,4160,3969,191,4.6,4096,3979,117,2.9,4030,3926,104,2.6
"904","20045",65800,63775,2025,3.1,66084,64073,2011,3,64356,60528,3828,5.9,64798,62717,2081,3.2,66297,64587,1710,2.6
"905","20047",1506,1470,36,2.4,1478,1439,39,2.6,1468,1425,43,2.9,1463,1431,32,2.2,1392,1360,32,2.3
"906","20049",1180,1140,40,3.4,1165,1120,45,3.9,1174,1117,57,4.9,1159,1124,35,3,1174,1142,32,2.7
"907","20051",17059,16654,405,2.4,17194,16790,404,2.3,17130,16553,577,3.4,17181,16836,345,2,17032,16695,337,2
"908","20053",2709,2634,75,2.8,2769,2689,80,2.9,2719,2635,84,3.1,2687,2624,63,2.3,2630,2569,61,2.3
"909","20055",20662,20149,513,2.5,20783,20282,501,2.4,20669,19986,683,3.3,20342,19898,444,2.2,20483,20058,425,2.1
"910","20057",17407,16966,441,2.5,17274,16830,444,2.6,17351,16783,568,3.3,17686,17295,391,2.2,17851,17479,372,2.1
"911","20059",14146,13639,507,3.6,14185,13702,483,3.4,14304,13539,765,5.3,14563,14100,463,3.2,14872,14509,363,2.4
"912","20061",11518,10974,544,4.7,11420,10911,509,4.5,11709,10891,818,7,11435,10937,498,4.4,11358,10931,427,3.8
"913","20063",1430,1399,31,2.2,1490,1458,32,2.1,1468,1430,38,2.6,1460,1432,28,1.9,1370,1341,29,2.1
"914","20065",1150,1114,36,3.1,1124,1089,35,3.1,1140,1089,51,4.5,1136,1102,34,3,1191,1163,28,2.4
"915","20067",3370,3276,94,2.8,3236,3141,95,2.9,3115,2990,125,4,2957,2864,93,3.1,2820,2738,82,2.9
"916","20069",3437,3368,69,2,3264,3197,67,2.1,3252,3182,70,2.2,3229,3171,58,1.8,3154,3092,62,2
"917","20071",864,847,17,2,819,800,19,2.3,823,809,14,1.7,827,816,11,1.3,794,782,12,1.5
"918","20073",3262,3147,115,3.5,3261,3155,106,3.3,3123,2959,164,5.3,3037,2950,87,2.9,3026,2953,73,2.4
"919","20075",1637,1605,32,2,1609,1578,31,1.9,1623,1597,26,1.6,1632,1609,23,1.4,1628,1601,27,1.7
"920","20077",2761,2682,79,2.9,2884,2808,76,2.6,2799,2677,122,4.4,2767,2692,75,2.7,2783,2724,59,2.1
"921","20079",16894,16348,546,3.2,17282,16762,520,3,16869,15975,894,5.3,16977,16466,511,3,17120,16687,433,2.5
"922","20081",2212,2164,48,2.2,2239,2187,52,2.3,2253,2202,51,2.3,2231,2190,41,1.8,2182,2140,42,1.9
"923","20083",991,967,24,2.4,998,973,25,2.5,1021,995,26,2.5,1035,1016,19,1.8,1028,1007,21,2
"924","20085",7253,7034,219,3,7201,6985,216,3,7277,6888,389,5.3,7283,7088,195,2.7,7286,7115,171,2.3
"925","20087",10230,9899,331,3.2,10267,9943,324,3.2,10294,9799,495,4.8,10396,10080,316,3,10381,10103,278,2.7
"926","20089",1296,1260,36,2.8,1313,1275,38,2.9,1256,1219,37,2.9,1238,1209,29,2.3,1188,1157,31,2.6
"927","20091",339111,329255,9856,2.9,343289,333470,9819,2.9,343574,326260,17314,5,345753,336251,9502,2.7,349503,341465,8038,2.3
"928","20093",2101,2052,49,2.3,2053,2004,49,2.4,2035,1984,51,2.5,2044,2010,34,1.7,2007,1969,38,1.9
"929","20095",3426,3315,111,3.2,3399,3287,112,3.3,3269,3096,173,5.3,3282,3180,102,3.1,3277,3197,80,2.4
"930","20097",1312,1280,32,2.4,1298,1267,31,2.4,1252,1213,39,3.1,1232,1206,26,2.1,1213,1186,27,2.2
"931","20099",10289,9880,409,4,10139,9723,416,4.1,9708,9164,544,5.6,9438,9108,330,3.5,9413,9126,287,3
"932","20101",796,774,22,2.8,779,758,21,2.7,759,737,22,2.9,748,732,16,2.1,730,709,21,2.9
"933","20103",36535,35197,1338,3.7,36854,35544,1310,3.6,36857,34724,2133,5.8,37038,35784,1254,3.4,37454,36366,1088,2.9
"934","20105",1713,1671,42,2.5,1683,1643,40,2.4,1743,1693,50,2.9,1691,1653,38,2.2,1693,1653,40,2.4
"935","20107",4450,4186,264,5.9,4451,4175,276,6.2,4358,4046,312,7.2,4352,4162,190,4.4,4373,4203,170,3.9
"936","20109",1697,1661,36,2.1,1635,1601,34,2.1,1616,1578,38,2.4,1622,1595,27,1.7,1607,1577,30,1.9
"937","20111",16722,16131,591,3.5,16878,16286,592,3.5,16709,15934,775,4.6,16958,16462,496,2.9,17028,16598,430,2.5
"938","20113",16637,16215,422,2.5,17362,16962,400,2.3,17256,16672,584,3.4,17205,16831,374,2.2,17375,17041,334,1.9
"939","20115",6078,5888,190,3.1,6084,5899,185,3,5983,5743,240,4,6010,5861,149,2.5,5963,5818,145,2.4
"940","20117",5522,5378,144,2.6,5548,5385,163,2.9,5512,5345,167,3,5432,5323,109,2,5315,5209,106,2
"941","20119",2294,2247,47,2,2168,2117,51,2.4,2160,2101,59,2.7,2181,2132,49,2.2,2116,2076,40,1.9
"942","20121",17524,16890,634,3.6,17857,17247,610,3.4,17676,16797,879,5,17842,17308,534,3,18037,17576,461,2.6
"943","20123",3476,3398,78,2.2,3397,3315,82,2.4,3444,3354,90,2.6,3435,3365,70,2,3359,3293,66,2
"944","20125",14884,14244,640,4.3,14961,14330,631,4.2,14957,13863,1094,7.3,14724,14136,588,4,14631,14181,450,3.1
"945","20127",3025,2942,83,2.7,3018,2933,85,2.8,3094,2973,121,3.9,3080,3006,74,2.4,3037,2967,70,2.3
"946","20129",1178,1140,38,3.2,1145,1111,34,3,1135,1101,34,3,1137,1107,30,2.6,1121,1091,30,2.7
"947","20131",5515,5388,127,2.3,5418,5264,154,2.8,5611,5454,157,2.8,5577,5475,102,1.8,5611,5508,103,1.8
"948","20133",6041,5747,294,4.9,6182,5888,294,4.8,6257,5860,397,6.3,6118,5852,266,4.3,6036,5819,217,3.6
"949","20135",1344,1308,36,2.7,1347,1312,35,2.6,1356,1310,46,3.4,1317,1287,30,2.3,1327,1298,29,2.2
"950","20137",2764,2705,59,2.1,2715,2653,62,2.3,2658,2590,68,2.6,2669,2620,49,1.8,2617,2567,50,1.9
"951","20139",8087,7781,306,3.8,8083,7785,298,3.7,7997,7590,407,5.1,8052,7807,245,3,8033,7808,225,2.8
"952","20141",2057,2005,52,2.5,2050,2008,42,2,1983,1929,54,2.7,1967,1930,37,1.9,1904,1865,39,2
"953","20143",3031,2945,86,2.8,3038,2953,85,2.8,2988,2865,123,4.1,2969,2884,85,2.9,3012,2936,76,2.5
"954","20145",2933,2840,93,3.2,2873,2789,84,2.9,2866,2763,103,3.6,2829,2764,65,2.3,2706,2641,65,2.4
"955","20147",2794,2724,70,2.5,2665,2594,71,2.7,2656,2568,88,3.3,2638,2580,58,2.2,2656,2597,59,2.2
"956","20149",12571,12224,347,2.8,12511,12145,366,2.9,12201,11695,506,4.1,12297,11979,318,2.6,12519,12216,303,2.4
"957","20151",4989,4853,136,2.7,4949,4820,129,2.6,4948,4773,175,3.5,4903,4790,113,2.3,4903,4798,105,2.1
"958","20153",1485,1454,31,2.1,1507,1472,35,2.3,1552,1513,39,2.5,1626,1600,26,1.6,1529,1501,28,1.8
"959","20155",29905,28823,1082,3.6,30006,29013,993,3.3,29913,28294,1619,5.4,29721,28747,974,3.3,29232,28406,826,2.8
"960","20157",2432,2366,66,2.7,2297,2237,60,2.6,2326,2251,75,3.2,2358,2302,56,2.4,2383,2333,50,2.1
"961","20159",5327,5171,156,2.9,5284,5133,151,2.9,5111,4900,211,4.1,5301,5168,133,2.5,5335,5212,123,2.3
"962","20161",35501,34481,1020,2.9,35418,34379,1039,2.9,33749,32110,1639,4.9,33889,32914,975,2.9,34620,33691,929,2.7
"963","20163",2537,2456,81,3.2,2554,2462,92,3.6,2515,2417,98,3.9,2454,2392,62,2.5,2408,2345,63,2.6
"964","20165",1665,1619,46,2.8,1643,1596,47,2.9,1581,1509,72,4.6,1585,1546,39,2.5,1616,1580,36,2.2
"965","20167",3393,3293,100,2.9,3332,3232,100,3,3326,3189,137,4.1,3351,3267,84,2.5,3295,3220,75,2.3
"966","20169",30484,29553,931,3.1,30528,29585,943,3.1,29663,28057,1606,5.4,29473,28570,903,3.1,30214,29483,731,2.4
"967","20171",2877,2821,56,1.9,2844,2788,56,2,2839,2771,68,2.4,2841,2795,46,1.6,2737,2687,50,1.8
"968","20173",249381,239959,9422,3.8,255062,245943,9119,3.6,259283,236571,22712,8.8,255879,244066,11813,4.6,255813,247806,8007,3.1
"969","20175",9644,9332,312,3.2,9625,9318,307,3.2,9852,9439,413,4.2,9900,9617,283,2.9,9811,9560,251,2.6
"970","20177",91453,88256,3197,3.5,91284,88136,3148,3.4,91649,86325,5324,5.8,91820,88910,2910,3.2,91886,89363,2523,2.7
"971","20179",1432,1400,32,2.2,1425,1392,33,2.3,1473,1439,34,2.3,1465,1437,28,1.9,1455,1427,28,1.9
"972","20181",2917,2836,81,2.8,2886,2805,81,2.8,2885,2790,95,3.3,2863,2789,74,2.6,2790,2726,64,2.3
"973","20183",1981,1932,49,2.5,2001,1950,51,2.5,2001,1949,52,2.6,2010,1974,36,1.8,1953,1913,40,2
"974","20185",1987,1934,53,2.7,2014,1958,56,2.8,2033,1960,73,3.6,1971,1925,46,2.3,1914,1869,45,2.4
"975","20187",1009,983,26,2.6,1000,974,26,2.6,1082,1058,24,2.2,1099,1077,22,2,1099,1078,21,1.9
"976","20189",2619,2543,76,2.9,2599,2530,69,2.7,2818,2742,76,2.7,2877,2815,62,2.2,2964,2906,58,2
"977","20191",10832,10450,382,3.5,10950,10566,384,3.5,10915,10021,894,8.2,10770,10321,449,4.2,10777,10456,321,3
"978","20193",4301,4192,109,2.5,4350,4248,102,2.3,4256,4140,116,2.7,4256,4174,82,1.9,4247,4165,82,1.9
"979","20195",1390,1347,43,3.1,1423,1381,42,3,1456,1406,50,3.4,1423,1392,31,2.2,1358,1325,33,2.4
"980","20197",3690,3574,116,3.1,3713,3590,123,3.3,3698,3546,152,4.1,3735,3641,94,2.5,3737,3645,92,2.5
"981","20199",827,806,21,2.5,823,801,22,2.7,840,823,17,2,889,873,16,1.8,852,835,17,2
"982","20201",2957,2877,80,2.7,2956,2875,81,2.7,3080,3007,73,2.4,3074,3019,55,1.8,3002,2943,59,2
"983","20203",1327,1299,28,2.1,1391,1363,28,2,1249,1225,24,1.9,1179,1156,23,2,1146,1123,23,2
"984","20205",4044,3867,177,4.4,3974,3813,161,4.1,3929,3624,305,7.8,3826,3669,157,4.1,3723,3606,117,3.1
"985","20207",1609,1539,70,4.4,1632,1562,70,4.3,1571,1477,94,6,1527,1473,54,3.5,1539,1485,54,3.5
"986","20209",77618,73839,3779,4.9,77759,74260,3499,4.5,78193,72029,6164,7.9,77936,74238,3698,4.7,78206,75487,2719,3.5
"987","21001",7185,6836,349,4.9,7140,6774,366,5.1,7020,6527,493,7,7231,6889,342,4.7,7195,6868,327,4.5
"988","21003",8905,8577,328,3.7,9078,8715,363,4,8664,8195,469,5.4,8859,8516,343,3.9,8963,8618,345,3.8
"989","21005",11890,11473,417,3.5,12020,11591,429,3.6,11765,11067,698,5.9,11841,11392,449,3.8,11994,11615,379,3.2
"990","21007",3527,3287,240,6.8,3476,3285,191,5.5,3324,3112,212,6.4,3426,3261,165,4.8,3489,3320,169,4.8
"991","21009",19009,18185,824,4.3,18820,18007,813,4.3,18074,16742,1332,7.4,17862,16963,899,5,17883,17152,731,4.1
"992","21011",4601,4297,304,6.6,4650,4374,276,5.9,4538,4170,368,8.1,4629,4377,252,5.4,4761,4515,246,5.2
"993","21013",8465,7947,518,6.1,8396,7882,514,6.1,8185,7563,622,7.6,8149,7705,444,5.4,8147,7737,410,5
"994","21015",70544,68224,2320,3.3,72357,70020,2337,3.2,70586,66872,3714,5.3,71333,68785,2548,3.6,72572,70299,2273,3.1
"995","21017",9676,9301,375,3.9,9626,9272,354,3.7,9568,9020,548,5.7,9637,9281,356,3.7,9633,9296,337,3.5
"996","21019",17896,16862,1034,5.8,17814,16850,964,5.4,17466,16043,1423,8.1,17125,16123,1002,5.9,17205,16323,882,5.1
"997","21021",12544,12002,542,4.3,12651,12089,562,4.4,12563,11666,897,7.1,12613,12017,596,4.7,12774,12273,501,3.9
"998","21023",3804,3622,182,4.8,3865,3685,180,4.7,3715,3490,225,6.1,3764,3596,168,4.5,3810,3648,162,4.3
"999","21025",3611,3355,256,7.1,3467,3219,248,7.2,3252,2926,326,10,3233,2972,261,8.1,3206,2971,235,7.3
"1000","21027",7933,7515,418,5.3,7937,7531,406,5.1,7819,7264,555,7.1,8004,7610,394,4.9,7975,7611,364,4.6
"1001","21029",42665,40989,1676,3.9,43251,41544,1707,3.9,42155,39529,2626,6.2,42592,40697,1895,4.4,43128,41390,1738,4
"1002","21031",5098,4853,245,4.8,5138,4900,238,4.6,4858,4525,333,6.9,4927,4710,217,4.4,4996,4791,205,4.1
"1003","21033",5377,5127,250,4.6,5475,5214,261,4.8,5584,5250,334,6,5922,5685,237,4,6119,5911,208,3.4
"1004","21035",18715,18002,713,3.8,18713,17979,734,3.9,17775,16698,1077,6.1,17499,16747,752,4.3,17426,16734,692,4
"1005","21037",50439,48816,1623,3.2,51232,49529,1703,3.3,49567,46890,2677,5.4,50157,48244,1913,3.8,50998,49302,1696,3.3
"1006","21039",2253,2144,109,4.8,2236,2147,89,4,2162,2064,98,4.5,2261,2178,83,3.7,2263,2179,84,3.7
"1007","21041",5242,5032,210,4,5330,5129,201,3.8,5293,4988,305,5.8,5380,5172,208,3.9,5715,5535,180,3.1
"1008","21043",9811,8927,884,9,9721,8947,774,8,9524,8630,894,9.4,9581,8886,695,7.3,9695,9012,683,7
"1009","21045",6703,6397,306,4.6,6732,6460,272,4,6655,6251,404,6.1,6740,6475,265,3.9,6682,6432,250,3.7
"1010","21047",24504,23221,1283,5.2,24476,23153,1323,5.4,24464,22560,1904,7.8,24568,23211,1357,5.5,24874,23683,1191,4.8
"1011","21049",17114,16426,688,4,17264,16616,648,3.8,16960,15879,1081,6.4,17017,16307,710,4.2,17293,16679,614,3.6
"1012","21051",5204,4847,357,6.9,5168,4822,346,6.7,5168,4739,429,8.3,5149,4821,328,6.4,5083,4797,286,5.6
"1013","21053",3861,3656,205,5.3,3985,3776,209,5.2,3951,3755,196,5,3939,3771,168,4.3,3642,3466,176,4.8
"1014","21055",3858,3664,194,5,3773,3597,176,4.7,3674,3475,199,5.4,3800,3643,157,4.1,3832,3674,158,4.1
"1015","21057",3115,2979,136,4.4,3220,3092,128,4,3254,3099,155,4.8,3290,3179,111,3.4,3394,3286,108,3.2
"1016","21059",47393,45547,1846,3.9,47183,45423,1760,3.7,45856,43139,2717,5.9,46095,44211,1884,4.1,46047,44268,1779,3.9
"1017","21061",4804,4554,250,5.2,4757,4529,228,4.8,4590,4245,345,7.5,4637,4410,227,4.9,4738,4510,228,4.8
"1018","21063",2046,1859,187,9.1,2025,1865,160,7.9,1951,1760,191,9.8,1876,1728,148,7.9,1893,1741,152,8
"1019","21065",5309,5027,282,5.3,5368,5113,255,4.8,5138,4759,379,7.4,5089,4840,249,4.9,5189,4940,249,4.8
"1020","21067",174012,168362,5650,3.2,175611,170050,5561,3.2,171805,162169,9636,5.6,172829,166438,6391,3.7,175935,170528,5407,3.1
"1021","21069",6071,5747,324,5.3,6218,5895,323,5.2,6109,5672,437,7.2,6056,5775,281,4.6,6085,5816,269,4.4
"1022","21071",10897,10202,695,6.4,11081,10405,676,6.1,10646,9702,944,8.9,10749,10040,709,6.6,10907,10273,634,5.8
"1023","21073",24950,24046,904,3.6,25180,24278,902,3.6,24731,23155,1576,6.4,24873,23839,1034,4.2,25148,24302,846,3.4
"1024","21075",2029,1916,113,5.6,2033,1922,111,5.5,1984,1856,128,6.5,2074,1971,103,5,2116,2021,95,4.5
"1025","21077",4062,3901,161,4,4118,3961,157,3.8,3950,3718,232,5.9,3991,3827,164,4.1,4030,3886,144,3.6
"1026","21079",7651,7318,333,4.4,7714,7372,342,4.4,7516,7054,462,6.1,7601,7277,324,4.3,7910,7608,302,3.8
"1027","21081",11683,11193,490,4.2,11747,11282,465,4,11595,10795,800,6.9,11604,11112,492,4.2,11765,11324,441,3.7
"1028","21083",15440,14686,754,4.9,15805,15112,693,4.4,15559,14661,898,5.8,15835,15167,668,4.2,15602,14897,705,4.5
"1029","21085",10941,10417,524,4.8,10990,10460,530,4.8,10643,9835,808,7.6,10461,9908,553,5.3,10465,9988,477,4.6
"1030","21087",5071,4862,209,4.1,5129,4915,214,4.2,5147,4876,271,5.3,5139,4957,182,3.5,5078,4890,188,3.7
"1031","21089",13409,12545,864,6.4,13469,12624,845,6.3,13148,12003,1145,8.7,12905,12066,839,6.5,12952,12201,751,5.8
"1032","21091",3988,3823,165,4.1,3930,3784,146,3.7,3812,3585,227,6,3831,3673,158,4.1,3840,3678,162,4.2
"1033","21093",48852,46903,1949,4,49204,47261,1943,3.9,47665,44346,3319,7,46903,44787,2116,4.5,47147,45219,1928,4.1
"1034","21095",6529,6062,467,7.2,6727,6117,610,9.1,6509,5761,748,11.5,6417,5909,508,7.9,6386,5986,400,6.3
"1035","21097",8636,8288,348,4,8834,8471,363,4.1,8673,8152,521,6,8737,8417,320,3.7,8829,8541,288,3.3
"1036","21099",8036,7722,314,3.9,7932,7570,362,4.6,7638,7153,485,6.3,7649,7329,320,4.2,7683,7381,302,3.9
"1037","21101",21960,21140,820,3.7,21656,20851,805,3.7,20663,19417,1246,6,20672,19795,877,4.2,20759,19976,783,3.8
"1038","21103",8211,7905,306,3.7,8260,7970,290,3.5,8023,7570,453,5.6,8115,7804,311,3.8,8161,7869,292,3.6
"1039","21105",1791,1691,100,5.6,1764,1682,82,4.6,1718,1629,89,5.2,1723,1651,72,4.2,1658,1587,71,4.3
"1040","21107",18363,17539,824,4.5,18441,17636,805,4.4,18023,16718,1305,7.2,18012,17136,876,4.9,18259,17464,795,4.4
"1041","21109",4084,3804,280,6.9,4123,3870,253,6.1,4039,3699,340,8.4,4061,3820,241,5.9,4142,3908,234,5.6
"1042","21111",399513,383768,15745,3.9,399366,383947,15419,3.9,389491,363423,26068,6.7,392078,374258,17820,4.5,395552,380623,14929,3.8
"1043","21113",26416,25478,938,3.6,26773,25840,933,3.5,25931,24508,1423,5.5,26163,25170,993,3.8,26635,25773,862,3.2
"1044","21115",6749,6300,449,6.7,6747,6321,426,6.3,6584,6032,552,8.4,6601,6149,452,6.8,6646,6254,392,5.9
"1045","21117",87229,84304,2925,3.4,88678,85674,3004,3.4,86016,81164,4852,5.6,86899,83485,3414,3.9,88273,85346,2927,3.3
"1046","21119",4398,4105,293,6.7,4480,4187,293,6.5,4288,3932,356,8.3,4262,3977,285,6.7,4272,4012,260,6.1
"1047","21121",9984,9370,614,6.1,9942,9375,567,5.7,9876,9084,792,8,9905,9323,582,5.9,9930,9402,528,5.3
"1048","21123",5967,5707,260,4.4,6003,5744,259,4.3,5842,5429,413,7.1,5777,5508,269,4.7,5774,5520,254,4.4
"1049","21125",24769,23532,1237,5,24880,23722,1158,4.7,24920,23234,1686,6.8,24919,23843,1076,4.3,25098,24053,1045,4.2
"1050","21127",5055,4698,357,7.1,5189,4842,347,6.7,5206,4785,421,8.1,5328,5004,324,6.1,5615,5316,299,5.3
"1051","21129",2081,1950,131,6.3,2103,1988,115,5.5,2043,1904,139,6.8,2017,1910,107,5.3,2081,1968,113,5.4
"1052","21131",2615,2434,181,6.9,2675,2465,210,7.9,2579,2306,273,10.6,2523,2334,189,7.5,2518,2353,165,6.6
"1053","21133",6238,5847,391,6.3,6281,5838,443,7.1,6064,5465,599,9.9,6007,5582,425,7.1,5916,5555,361,6.1
"1054","21135",4692,4309,383,8.2,4657,4262,395,8.5,4654,4222,432,9.3,4646,4312,334,7.2,4586,4257,329,7.2
"1055","21137",9332,8873,459,4.9,9371,8921,450,4.8,9213,8498,715,7.8,9239,8751,488,5.3,9376,8932,444,4.7
"1056","21139",3660,3418,242,6.6,3641,3441,200,5.5,3500,3241,259,7.4,3602,3395,207,5.7,3650,3476,174,4.8
"1057","21141",12400,11932,468,3.8,12587,12100,487,3.9,12102,11447,655,5.4,12249,11805,444,3.6,12390,11958,432,3.5
"1058","21143",3046,2896,150,4.9,3118,2976,142,4.6,3054,2896,158,5.2,3104,2972,132,4.3,3207,3072,135,4.2
"1059","21145",29130,27538,1592,5.5,29238,27853,1385,4.7,28744,26753,1991,6.9,29455,28048,1407,4.8,29928,28728,1200,4
"1060","21147",4624,4340,284,6.1,4718,4448,270,5.7,4823,4483,340,7,4821,4557,264,5.5,4719,4475,244,5.2
"1061","21149",4226,4021,205,4.9,4165,3986,179,4.3,3964,3744,220,5.5,4004,3841,163,4.1,3995,3819,176,4.4
"1062","21151",46818,45062,1756,3.8,47622,45866,1756,3.7,45840,43132,2708,5.9,46238,44424,1814,3.9,46866,45179,1687,3.6
"1063","21153",2920,2553,367,12.6,3116,2788,328,10.5,3181,2684,497,15.6,3191,2823,368,11.5,3186,2850,336,10.5
"1064","21155",9623,9271,352,3.7,9727,9369,358,3.7,9217,8510,707,7.7,9255,8875,380,4.1,9353,9040,313,3.3
"1065","21157",14931,14158,773,5.2,15107,14432,675,4.5,14798,13908,890,6,14389,13755,634,4.4,14588,13995,593,4.1
"1066","21159",2791,2617,174,6.2,2676,2495,181,6.8,2476,2195,281,11.3,2331,2131,200,8.6,2219,2056,163,7.3
"1067","21161",7167,6780,387,5.4,7112,6722,390,5.5,6854,6321,533,7.8,6727,6374,353,5.2,6590,6273,317,4.8
"1068","21163",12229,11672,557,4.6,12193,11648,545,4.5,11750,10933,817,7,11629,11046,583,5,11648,11133,515,4.4
"1069","21165",2313,2141,172,7.4,2328,2173,155,6.7,2251,2055,196,8.7,2307,2158,149,6.5,2394,2259,135,5.6
"1070","21167",9886,9460,426,4.3,10064,9618,446,4.4,9864,9163,701,7.1,9895,9468,427,4.3,10088,9714,374,3.7
"1071","21169",4110,3942,168,4.1,4109,3920,189,4.6,3983,3678,305,7.7,3943,3741,202,5.1,3921,3745,176,4.5
"1072","21171",4690,4499,191,4.1,4667,4492,175,3.7,4558,4319,239,5.2,4627,4453,174,3.8,4618,4465,153,3.3
"1073","21173",11648,10971,677,5.8,11637,11041,596,5.1,11327,10445,882,7.8,11545,10969,576,5,12003,11466,537,4.5
"1074","21175",4467,4189,278,6.2,4579,4344,235,5.1,4395,4104,291,6.6,4272,4041,231,5.4,4142,3924,218,5.3
"1075","21177",10526,9836,690,6.6,10500,9882,618,5.9,9916,9076,840,8.5,9796,9189,607,6.2,9853,9293,560,5.7
"1076","21179",22670,21715,955,4.2,23236,22223,1013,4.4,22699,21151,1548,6.8,23070,22114,956,4.1,23678,22784,894,3.8
"1077","21181",3278,3130,148,4.5,3312,3172,140,4.2,3272,3050,222,6.8,3305,3171,134,4.1,3296,3162,134,4.1
"1078","21183",9851,9302,549,5.6,9753,9275,478,4.9,9274,8621,653,7,9019,8550,469,5.2,9108,8662,446,4.9
"1079","21185",33242,32178,1064,3.2,33570,32519,1051,3.1,32440,30902,1538,4.7,32956,31833,1123,3.4,33401,32311,1090,3.3
"1080","21187",5200,4949,251,4.8,5138,4913,225,4.4,5086,4768,318,6.3,5110,4903,207,4.1,5230,5054,176,3.4
"1081","21189",1136,1054,82,7.2,1090,1014,76,7,1079,978,101,9.4,1056,985,71,6.7,1075,1001,74,6.9
"1082","21191",6975,6694,281,4,7037,6782,255,3.6,6762,6417,345,5.1,6880,6610,270,3.9,6969,6724,245,3.5
"1083","21193",8145,7645,500,6.1,8334,7855,479,5.7,8134,7428,706,8.7,7978,7512,466,5.8,7991,7590,401,5
"1084","21195",19948,18804,1144,5.7,20043,18945,1098,5.5,19102,17543,1559,8.2,19010,17875,1135,6,18976,17998,978,5.2
"1085","21197",5008,4717,291,5.8,5040,4782,258,5.1,5045,4681,364,7.2,5113,4880,233,4.6,5265,5048,217,4.1
"1086","21199",25969,24696,1273,4.9,26659,25457,1202,4.5,25726,23880,1846,7.2,25699,24496,1203,4.7,25396,24245,1151,4.5
"1087","21201",800,762,38,4.8,811,769,42,5.2,787,741,46,5.8,800,768,32,4,820,779,41,5
"1088","21203",6624,6302,322,4.9,6658,6351,307,4.6,6372,5915,457,7.2,6396,6093,303,4.7,6492,6193,299,4.6
"1089","21205",10509,9978,531,5.1,10401,9874,527,5.1,9967,9241,726,7.3,9966,9471,495,5,10223,9755,468,4.6
"1090","21207",6268,5913,355,5.7,6260,5918,342,5.5,6068,5578,490,8.1,6089,5773,316,5.2,6263,5956,307,4.9
"1091","21209",28907,27971,936,3.2,29796,28807,989,3.3,29874,28053,1821,6.1,29826,28792,1034,3.5,30403,29484,919,3
"1092","21211",25440,24584,856,3.4,25849,25007,842,3.3,25409,24059,1350,5.3,25729,24791,938,3.6,25955,25070,885,3.4
"1093","21213",8839,8501,338,3.8,8913,8527,386,4.3,8517,7913,604,7.1,8774,8424,350,4,8799,8498,301,3.4
"1094","21215",10196,9838,358,3.5,10534,10182,352,3.3,10342,9761,581,5.6,10481,10056,425,4.1,10626,10209,417,3.9
"1095","21217",12529,12015,514,4.1,12812,12293,519,4.1,12972,12214,758,5.8,12302,11843,459,3.7,12268,11816,452,3.7
"1096","21219",5290,5084,206,3.9,5431,5225,206,3.8,5392,5139,253,4.7,5525,5335,190,3.4,5712,5529,183,3.2
"1097","21221",5898,5620,278,4.7,5985,5713,272,4.5,5966,5559,407,6.8,6012,5721,291,4.8,6078,5805,273,4.5
"1098","21223",3863,3702,161,4.2,3871,3708,163,4.2,3782,3531,251,6.6,3815,3639,176,4.6,3845,3678,167,4.3
"1099","21225",5999,5709,290,4.8,6086,5823,263,4.3,5923,5554,369,6.2,5927,5676,251,4.2,5851,5601,250,4.3
"1100","21227",64479,62156,2323,3.6,65705,63240,2465,3.8,63448,59374,4074,6.4,64258,61659,2599,4,65603,63266,2337,3.6
"1101","21229",6129,5910,219,3.6,6248,6013,235,3.8,6080,5706,374,6.2,6148,5922,226,3.7,6148,5936,212,3.4
"1102","21231",7564,7050,514,6.8,7446,7035,411,5.5,7344,6879,465,6.3,7322,6967,355,4.8,7078,6727,351,5
"1103","21233",5769,5531,238,4.1,5748,5526,222,3.9,5410,5070,340,6.3,5353,5129,224,4.2,5235,5030,205,3.9
"1104","21235",13717,13043,674,4.9,13820,13141,679,4.9,13792,12834,958,6.9,13820,13159,661,4.8,13904,13295,609,4.4
"1105","21237",1896,1754,142,7.5,1965,1831,134,6.8,2079,1924,155,7.5,2214,2088,126,5.7,2248,2123,125,5.6
"1106","21239",14737,14291,446,3,15068,14616,452,3,14849,14124,725,4.9,15015,14535,480,3.2,15041,14596,445,3
"1107","22001",23955,22682,1273,5.3,23953,22723,1230,5.1,23344,21547,1797,7.7,23627,22420,1207,5.1,23943,23069,874,3.7
"1108","22003",8782,8289,493,5.6,8827,8348,479,5.4,8401,7593,808,9.6,8124,7662,462,5.7,8128,7789,339,4.2
"1109","22005",64361,61749,2612,4.1,65126,62547,2579,4,64382,59859,4523,7,65611,62804,2807,4.3,67286,65300,1986,3
"1110","22007",8981,8390,591,6.6,8911,8393,518,5.8,8781,7854,927,10.6,8898,8266,632,7.1,8848,8442,406,4.6
"1111","22009",15340,14477,863,5.6,15209,14360,849,5.6,14944,13691,1253,8.4,14756,13958,798,5.4,14428,13827,601,4.2
"1112","22011",14610,13841,769,5.3,14669,13933,736,5,14406,13389,1017,7.1,14607,13982,625,4.3,14859,14360,499,3.4
"1113","22013",5651,5325,326,5.8,5525,5212,313,5.7,5381,4946,435,8.1,5240,4934,306,5.8,5248,5030,218,4.2
"1114","22015",58101,55653,2448,4.2,58111,55705,2406,4.1,56839,53071,3768,6.6,57317,55027,2290,4,58245,56495,1750,3
"1115","22017",104461,98783,5678,5.4,103211,97887,5324,5.2,101573,92035,9538,9.4,101828,95448,6380,6.3,102126,97955,4171,4.1
"1116","22019",110041,105870,4171,3.8,106792,102591,4201,3.9,97450,88234,9216,9.5,95386,89951,5435,5.7,92883,89629,3254,3.5
"1117","22021",3842,3623,219,5.7,3785,3563,222,5.9,3652,3369,283,7.7,3706,3528,178,4.8,3694,3553,141,3.8
"1118","22023",4083,3940,143,3.5,3957,3815,142,3.6,3509,3296,213,6.1,3486,3359,127,3.6,3448,3351,97,2.8
"1119","22025",3365,3140,225,6.7,3395,3186,209,6.2,3452,3193,259,7.5,3489,3303,186,5.3,3452,3310,142,4.1
"1120","22027",5820,5521,299,5.1,5837,5523,314,5.4,5465,5082,383,7,5476,5200,276,5,5448,5240,208,3.8
"1121","22029",7015,6533,482,6.9,7003,6568,435,6.2,6901,6304,597,8.7,6923,6506,417,6,7007,6683,324,4.6
"1122","22031",10917,10299,618,5.7,10961,10330,631,5.8,10702,9889,813,7.6,10790,10248,542,5,10953,10534,419,3.8
"1123","22033",231792,221881,9911,4.3,230685,220869,9816,4.3,226294,207840,18454,8.2,230296,218082,12214,5.3,234834,226718,8116,3.5
"1124","22035",1957,1758,199,10.2,1892,1700,192,10.1,1813,1587,226,12.5,1754,1580,174,9.9,1641,1512,129,7.9
"1125","22037",8027,7658,369,4.6,7928,7574,354,4.5,7577,7041,536,7.1,7754,7393,361,4.7,7933,7683,250,3.2
"1126","22039",12118,11431,687,5.7,11938,11261,677,5.7,11956,10981,975,8.2,12030,11357,673,5.6,12048,11554,494,4.1
"1127","22041",7285,6768,517,7.1,7389,6876,513,6.9,7325,6695,630,8.6,7442,6997,445,6,7448,7092,356,4.8
"1128","22043",8224,7752,472,5.7,8211,7753,458,5.6,8128,7566,562,6.9,8228,7883,345,4.2,8365,8076,289,3.5
"1129","22045",28337,26691,1646,5.8,27850,26391,1459,5.2,27528,24786,2742,10,27762,25831,1931,7,27685,26522,1163,4.2
"1130","22047",14172,13304,868,6.1,13984,13182,802,5.7,13657,12243,1414,10.4,13818,12833,985,7.1,13988,13372,616,4.4
"1131","22049",6891,6576,315,4.6,6832,6520,312,4.6,6730,6349,381,5.7,6799,6534,265,3.9,6942,6721,221,3.2
"1132","22053",13534,12899,635,4.7,13328,12725,603,4.5,12745,11731,1014,8,12519,11899,620,5,12400,11967,433,3.5
"1133","22055",114218,109176,5042,4.4,115164,110381,4783,4.2,114314,105843,8471,7.4,115628,110275,5353,4.6,116728,113046,3682,3.2
"1134","22057",42181,40218,1963,4.7,42102,40278,1824,4.3,41217,38396,2821,6.8,40795,38860,1935,4.7,40562,39183,1379,3.4
"1135","22059",6364,6091,273,4.3,6744,6467,277,4.1,6840,6492,348,5.1,6736,6507,229,3.4,6778,6599,179,2.6
"1136","22061",22033,20906,1127,5.1,21990,20852,1138,5.2,21017,19633,1384,6.6,21237,20295,942,4.4,21350,20602,748,3.5
"1137","22063",69119,66364,2755,4,69525,66790,2735,3.9,68836,64227,4609,6.7,70129,67411,2718,3.9,72126,70073,2053,2.8
"1138","22065",3616,3319,297,8.2,3540,3268,272,7.7,3537,3220,317,9,3482,3242,240,6.9,3503,3327,176,5
"1139","22067",10179,9354,825,8.1,9988,9191,797,8,10025,8994,1031,10.3,9991,9251,740,7.4,9947,9426,521,5.2
"1140","22069",16459,15509,950,5.8,16393,15439,954,5.8,16104,14940,1164,7.2,16494,15696,798,4.8,16687,16032,655,3.9
"1141","22073",71010,67394,3616,5.1,70363,66775,3588,5.1,69470,64075,5395,7.8,70104,66501,3603,5.1,70659,68082,2577,3.6
"1142","22077",9930,9402,528,5.3,9801,9294,507,5.2,9459,8675,784,8.3,9662,9102,560,5.8,9863,9481,382,3.9
"1143","22079",55557,52657,2900,5.2,55192,52499,2693,4.9,54760,51144,3616,6.6,55554,53230,2324,4.2,56381,54566,1815,3.2
"1144","22081",4057,3878,179,4.4,3759,3574,185,4.9,3588,3353,235,6.5,3692,3527,165,4.5,3894,3766,128,3.3
"1145","22083",8330,7817,513,6.2,8249,7753,496,6,8107,7455,652,8,8169,7731,438,5.4,8287,7951,336,4.1
"1146","22085",9051,8588,463,5.1,9248,8796,452,4.9,9217,8675,542,5.9,9290,8931,359,3.9,9254,8952,302,3.3
"1147","22091",4320,4040,280,6.5,4229,3979,250,5.9,4243,3729,514,12.1,4305,3913,392,9.1,4302,4072,230,5.3
"1148","22093",9237,8668,569,6.2,9304,8770,534,5.7,8851,7943,908,10.3,8880,8221,659,7.4,8919,8508,411,4.6
"1149","22097",31994,30019,1975,6.2,32021,30088,1933,6,32216,29276,2940,9.1,32228,30175,2053,6.4,32013,30592,1421,4.4
"1150","22099",22322,21163,1159,5.2,22265,21170,1095,4.9,21803,19936,1867,8.6,21988,20728,1260,5.7,22121,21311,810,3.7
"1151","22101",20103,18803,1300,6.5,19830,18707,1123,5.7,19403,17538,1865,9.6,19215,17904,1311,6.8,19306,18485,821,4.3
"1152","22105",54630,51655,2975,5.4,54892,51978,2914,5.3,56195,50576,5619,10,56450,52783,3667,6.5,56759,54306,2453,4.3
"1153","22107",1447,1337,110,7.6,1394,1282,112,8,1343,1224,119,8.9,1324,1244,80,6,1328,1262,66,5
"1154","22109",46553,44253,2300,4.9,46382,44313,2069,4.5,45729,42013,3716,8.1,45153,42478,2675,5.9,44612,42885,1727,3.9
"1155","22111",9216,8704,512,5.6,9118,8607,511,5.6,8999,8321,678,7.5,9084,8630,454,5,9217,8868,349,3.8
"1156","22113",24239,22965,1274,5.3,24122,22951,1171,4.9,23614,21773,1841,7.8,23952,22710,1242,5.2,24142,23290,852,3.5
"1157","22115",15956,14932,1024,6.4,15848,14930,918,5.8,15810,14613,1197,7.6,16006,15242,764,4.8,16282,15623,659,4
"1158","22117",16857,15896,961,5.7,16823,15870,953,5.7,16634,15203,1431,8.6,16888,15873,1015,6,17109,16396,713,4.2
"1159","22119",14622,13739,883,6,14453,13604,849,5.9,13965,12803,1162,8.3,14062,13273,789,5.6,14221,13631,590,4.1
"1160","22121",13719,13120,599,4.4,13703,13105,598,4.4,13510,12493,1017,7.5,13789,13107,682,4.9,14085,13626,459,3.3
"1161","22123",4008,3652,356,8.9,3641,3268,373,10.2,3656,3270,386,10.6,3531,3300,231,6.5,3537,3343,194,5.5
"1162","22125",5403,5193,210,3.9,5432,5217,215,4,5178,4881,297,5.7,5321,5121,200,3.8,5472,5331,141,2.6
"1163","22127",4962,4658,304,6.1,4872,4577,295,6.1,4691,4338,353,7.5,4599,4369,230,5,4649,4463,186,4
"1164","23001",55655,53922,1733,3.1,55477,53891,1586,2.9,53905,51174,2731,5.1,54355,51684,2671,4.9,52717,51143,1574,3
"1165","23003",31085,29674,1411,4.5,30410,29069,1341,4.4,29007,27516,1491,5.1,29162,27497,1665,5.7,28237,27068,1169,4.1
"1166","23005",165867,161659,4208,2.5,165873,162061,3812,2.3,159617,151778,7839,4.9,163251,156698,6553,4,161629,157741,3888,2.4
"1167","23007",14491,13941,550,3.8,14463,13931,532,3.7,13634,12860,774,5.7,13875,13138,737,5.3,13642,13154,488,3.6
"1168","23009",29583,28529,1054,3.6,29301,28316,985,3.4,27533,26050,1483,5.4,28675,27249,1426,5,28408,27417,991,3.5
"1169","23011",62646,60723,1923,3.1,62410,60650,1760,2.8,60935,58128,2807,4.6,61683,59007,2676,4.3,60945,59223,1722,2.8
"1170","23013",20725,20102,623,3,20461,19891,570,2.8,19430,18450,980,5,20028,19147,881,4.4,19738,19147,591,3
"1171","23015",17057,16520,537,3.1,17010,16531,479,2.8,16276,15472,804,4.9,16865,16121,744,4.4,16492,16015,477,2.9
"1172","23017",26813,25808,1005,3.7,26643,25725,918,3.4,25594,24022,1572,6.1,26389,24914,1475,5.6,25702,24853,849,3.3
"1173","23019",77169,74429,2740,3.6,77028,74586,2442,3.2,73706,69996,3710,5,75081,71498,3583,4.8,74606,72300,2306,3.1
"1174","23021",7492,7199,293,3.9,7313,7049,264,3.6,7110,6750,360,5.1,7497,7119,378,5,7258,6982,276,3.8
"1175","23023",19627,19126,501,2.6,19627,19192,435,2.2,19113,18271,842,4.4,19282,18561,721,3.7,18883,18433,450,2.4
"1176","23025",22895,21853,1042,4.6,22551,21586,965,4.3,21865,20514,1351,6.2,22435,21031,1404,6.3,21789,20891,898,4.1
"1177","23027",21276,20569,707,3.3,20783,20147,636,3.1,19846,18899,947,4.8,20369,19409,960,4.7,20148,19511,637,3.2
"1178","23029",13949,13298,651,4.7,13746,13134,612,4.5,13259,12485,774,5.8,13506,12636,870,6.4,13244,12679,565,4.3
"1179","23031",114525,111234,3291,2.9,114693,111699,2994,2.6,109765,104294,5471,5,112715,107631,5084,4.5,111436,108410,3026,2.7
"1180","24001",32656,30916,1740,5.3,32876,31254,1622,4.9,31462,29105,2357,7.5,30594,28777,1817,5.9,31102,29849,1253,4
"1181","24003",318826,308544,10282,3.2,327478,318030,9448,2.9,318737,300973,17764,5.6,312824,299102,13722,4.4,313385,304493,8892,2.8
"1182","24005",459164,441260,17904,3.9,468143,451794,16349,3.5,454046,424267,29779,6.6,444843,421591,23252,5.2,443836,429164,14672,3.3
"1183","24009",50614,48881,1733,3.4,51760,50214,1546,3,49913,47420,2493,5,48814,46746,2068,4.2,49346,47891,1455,2.9
"1184","24011",18550,17867,683,3.7,18723,18087,636,3.4,17771,16818,953,5.4,17100,16332,768,4.5,17107,16581,526,3.1
"1185","24013",97043,94005,3038,3.1,98869,96144,2725,2.8,95420,90766,4654,4.9,93937,90301,3636,3.9,94578,92067,2511,2.7
"1186","24015",53775,51479,2296,4.3,54950,52889,2061,3.8,53703,50659,3044,5.7,52729,50197,2532,4.8,53761,51972,1789,3.3
"1187","24017",88169,84885,3284,3.7,90774,87656,3118,3.4,88542,82869,5673,6.4,86168,81629,4539,5.3,86546,83670,2876,3.3
"1188","24019",15817,15024,793,5,16468,15745,723,4.4,16613,15564,1049,6.3,15942,15097,845,5.3,15983,15408,575,3.6
"1189","24021",136065,131476,4589,3.4,140663,136461,4202,3,138108,130318,7790,5.6,134692,128703,5989,4.4,136010,131997,4013,3
"1190","24023",15830,15101,729,4.6,16294,15619,675,4.1,15664,14665,999,6.4,15236,14488,748,4.9,14983,14466,517,3.5
"1191","24025",142571,137596,4975,3.5,146415,141813,4602,3.1,141932,134078,7854,5.5,139382,133211,6171,4.4,139847,135697,4150,3
"1192","24027",189696,184187,5509,2.9,195361,190301,5060,2.6,189779,180388,9391,4.9,186764,179263,7501,4,187382,182454,4928,2.6
"1193","24029",10510,10070,440,4.2,10474,10078,396,3.8,9872,9246,626,6.3,9524,9037,487,5.1,9734,9384,350,3.6
"1194","24031",565885,548536,17349,3.1,576770,560710,16060,2.8,559037,525071,33966,6.1,546559,518901,27658,5.1,546813,530944,15869,2.9
"1195","24033",514880,494574,20306,3.9,523888,505219,18669,3.6,514828,474418,40410,7.8,501438,467541,33897,6.8,496637,479080,17557,3.5
"1196","24035",28320,27405,915,3.2,28848,28003,845,2.9,28215,26743,1472,5.2,27781,26657,1124,4,28005,27231,774,2.8
"1197","24037",56750,54664,2086,3.7,58419,56565,1854,3.2,58747,56020,2727,4.6,58355,55967,2388,4.1,57662,55891,1771,3.1
"1198","24039",9377,8741,636,6.8,9311,8763,548,5.9,8751,8040,711,8.1,8862,8247,615,6.9,9019,8588,431,4.8
"1199","24041",20039,19317,722,3.6,19657,19013,644,3.3,18051,17001,1050,5.8,17322,16460,862,5,17483,16895,588,3.4
"1200","24043",76000,72774,3226,4.2,76335,73512,2823,3.7,73270,68454,4816,6.6,72392,68793,3599,5,72276,69875,2401,3.3
"1201","24045",51770,49111,2659,5.1,52369,50039,2330,4.4,50011,46387,3624,7.2,50306,47474,2832,5.6,51069,49104,1965,3.8
"1202","24047",25879,23843,2036,7.9,26227,24377,1850,7.1,25356,22582,2774,10.9,25002,23123,1879,7.5,25185,23919,1266,5
"1203","24510",292450,276229,16221,5.5,293296,279032,14264,4.9,283257,259179,24078,8.5,276725,257430,19295,7,273763,262081,11682,4.3
"1204","25001",116375,111171,5204,4.5,115711,111045,4666,4,110528,98661,11867,10.7,111971,104728,7243,6.5,111609,106317,5292,4.7
"1205","25003",65777,62985,2792,4.2,65041,62651,2390,3.7,61529,55443,6086,9.9,61998,57996,4002,6.5,61961,59260,2701,4.4
"1206","25005",305439,291940,13499,4.4,305573,293704,11869,3.9,300722,268295,32427,10.8,298839,280006,18833,6.3,298575,284709,13866,4.6
"1207","25007",9814,9347,467,4.8,9713,9299,414,4.3,9098,8160,938,10.3,9604,8995,609,6.3,9592,9089,503,5.2
"1208","25009",431114,415753,15361,3.6,432463,419054,13409,3.1,425131,381200,43931,10.3,422709,396815,25894,6.1,420933,404395,16538,3.9
"1209","25011",41517,40215,1302,3.1,41435,40275,1160,2.8,40086,36913,3173,7.9,40334,38369,1965,4.9,40138,38784,1354,3.4
"1210","25013",232318,221187,11131,4.8,231504,221632,9872,4.3,226764,201994,24770,10.9,226252,209869,16383,7.2,223322,212327,10995,4.9
"1211","25015",91530,88654,2876,3.1,91841,89260,2581,2.8,88669,81965,6704,7.6,89213,85169,4044,4.5,89177,86161,3016,3.4
"1212","25017",926763,900719,26044,2.8,935440,912957,22483,2.4,903742,834270,69472,7.7,905149,864550,40599,4.5,909392,881480,27912,3.1
"1213","25019",7610,7262,348,4.6,7730,7393,337,4.4,7174,6334,840,11.7,7766,7191,575,7.4,7868,7371,497,6.3
"1214","25021",393976,381819,12157,3.1,399867,389381,10486,2.6,391267,356908,34359,8.8,390055,370682,19373,5,392356,379275,13081,3.3
"1215","25023",284974,274568,10406,3.7,289126,280017,9109,3.2,284260,256005,28255,9.9,283210,266532,16678,5.9,283384,272123,11261,4
"1216","25025",459053,444724,14329,3.1,463611,451029,12582,2.7,457702,410752,46950,10.3,452475,426490,25985,5.7,452927,436502,16425,3.6
"1217","25027",452510,435855,16655,3.7,452272,437449,14823,3.3,443482,402482,41000,9.2,443413,418305,25108,5.7,442688,425380,17308,3.9
"1218","26001",3817,3566,251,6.6,3899,3650,249,6.4,3857,3458,399,10.3,3736,3474,262,7,3841,3574,267,7
"1219","26003",3216,2961,255,7.9,3193,2942,251,7.9,3133,2783,350,11.2,3104,2860,244,7.9,3228,2989,239,7.4
"1220","26005",62063,60024,2039,3.3,62584,60603,1981,3.2,62271,57568,4703,7.6,60597,57775,2822,4.7,61711,59418,2293,3.7
"1221","26007",13364,12679,685,5.1,13225,12591,634,4.8,13270,12207,1063,8,13157,12434,723,5.5,13192,12532,660,5
"1222","26009",10077,9506,571,5.7,10328,9791,537,5.2,10156,9129,1027,10.1,9888,9204,684,6.9,10102,9513,589,5.8
"1223","26011",5977,5554,423,7.1,6064,5662,402,6.6,5967,5270,697,11.7,5699,5231,468,8.2,5787,5360,427,7.4
"1224","26013",3163,2969,194,6.1,3216,3010,206,6.4,3159,2773,386,12.2,3016,2784,232,7.7,3064,2840,224,7.3
"1225","26015",31705,30620,1085,3.4,31925,30878,1047,3.3,31539,29133,2406,7.6,30898,29487,1411,4.6,31787,30561,1226,3.9
"1226","26017",50443,48022,2421,4.8,50266,47905,2361,4.7,49575,44856,4719,9.5,48066,45168,2898,6,48944,46404,2540,5.2
"1227","26019",8798,8313,485,5.5,8851,8396,455,5.1,8698,7853,845,9.7,8480,7980,500,5.9,8743,8278,465,5.3
"1228","26021",73401,70239,3162,4.3,74097,71093,3004,4.1,72746,66171,6575,9,69967,65936,4031,5.8,71619,68355,3264,4.6
"1229","26023",19360,18639,721,3.7,19423,18655,768,4,19753,18109,1644,8.3,19240,18294,946,4.9,19616,18807,809,4.1
"1230","26025",63171,60506,2665,4.2,62615,60018,2597,4.1,62032,55821,6211,10,59353,55512,3841,6.5,59789,56904,2885,4.8
"1231","26027",24486,23486,1000,4.1,24818,23754,1064,4.3,24457,22223,2234,9.1,23174,21996,1178,5.1,23458,22414,1044,4.5
"1232","26029",13128,12501,627,4.8,12920,12314,606,4.7,12560,11283,1277,10.2,12342,11612,730,5.9,12784,12179,605,4.7
"1233","26031",10720,9735,985,9.2,10535,9613,922,8.8,10353,8816,1537,14.8,10029,9185,844,8.4,10300,9444,856,8.3
"1234","26033",16259,15178,1081,6.6,16132,15109,1023,6.3,15973,14475,1498,9.4,15604,14583,1021,6.5,16006,14988,1018,6.4
"1235","26035",11827,11103,724,6.1,11824,11098,726,6.1,11750,10342,1408,12,11166,10282,884,7.9,11238,10454,784,7
"1236","26037",41178,39863,1315,3.2,41383,40128,1255,3,40374,37653,2721,6.7,38984,37246,1738,4.5,40034,38471,1563,3.9
"1237","26039",5546,5214,332,6,5605,5287,318,5.7,5613,5001,612,10.9,5376,5002,374,7,5480,5121,359,6.6
"1238","26041",17055,16148,907,5.3,17169,16261,908,5.3,16893,15360,1533,9.1,16366,15372,994,6.1,16573,15649,924,5.6
"1239","26043",12547,12067,480,3.8,12297,11771,526,4.3,12171,11277,894,7.3,12205,11624,581,4.8,12186,11656,530,4.3
"1240","26045",57297,55297,2000,3.5,57608,55626,1982,3.4,56349,51903,4446,7.9,54195,51306,2889,5.3,55768,53295,2473,4.4
"1241","26047",17720,16677,1043,5.9,17753,16784,969,5.5,17233,15384,1849,10.7,16556,15528,1028,6.2,16760,15828,932,5.6
"1242","26049",180907,171954,8953,4.9,181707,172581,9126,5,180263,159494,20769,11.5,175248,162185,13063,7.5,178083,168128,9955,5.6
"1243","26051",9923,9363,560,5.6,9931,9358,573,5.8,9871,8874,997,10.1,9703,9032,671,6.9,9886,9287,599,6.1
"1244","26053",6205,5890,315,5.1,6016,5708,308,5.1,5838,5369,469,8,5624,5315,309,5.5,5680,5384,296,5.2
"1245","26055",49268,47441,1827,3.7,49865,48118,1747,3.5,49216,44967,4249,8.6,48093,45701,2392,5,49402,47541,1861,3.8
"1246","26057",17827,16996,831,4.7,18080,17282,798,4.4,17869,16396,1473,8.2,17067,16119,948,5.6,17298,16495,803,4.6
"1247","26059",20607,19774,833,4,20543,19676,867,4.2,20175,18294,1881,9.3,19781,18703,1078,5.4,20129,19205,924,4.6
"1248","26061",16185,15358,827,5.1,16275,15480,795,4.9,15951,14740,1211,7.6,15801,15008,793,5,16218,15433,785,4.8
"1249","26063",15474,14757,717,4.6,15458,14770,688,4.5,15485,14122,1363,8.8,14840,14043,797,5.4,14963,14258,705,4.7
"1250","26065",151453,145940,5513,3.6,151464,146063,5401,3.6,146981,135577,11404,7.8,141934,134011,7923,5.6,145700,139226,6474,4.4
"1251","26067",29976,28937,1039,3.5,30420,29372,1048,3.4,30259,27777,2482,8.2,29708,28294,1414,4.8,30185,29006,1179,3.9
"1252","26069",10088,9446,642,6.4,10208,9593,615,6,10149,9046,1103,10.9,9845,9144,701,7.1,10233,9577,656,6.4
"1253","26071",5143,4855,288,5.6,5128,4842,286,5.6,4950,4529,421,8.5,4743,4456,287,6.1,4724,4440,284,6
"1254","26073",34921,33569,1352,3.9,34778,33442,1336,3.8,33107,30246,2861,8.6,31843,30166,1677,5.3,31715,30169,1546,4.9
"1255","26075",74614,71672,2942,3.9,74743,71920,2823,3.8,74670,67766,6904,9.2,71930,67825,4105,5.7,73791,70491,3300,4.5
"1256","26077",133893,129303,4590,3.4,134327,129858,4469,3.3,132296,122352,9944,7.5,128361,121925,6436,5,131436,126245,5191,3.9
"1257","26079",7844,7382,462,5.9,7993,7539,454,5.7,7898,6991,907,11.5,7654,7107,547,7.1,7862,7392,470,6
"1258","26081",360402,349640,10762,3,362274,351702,10572,2.9,357380,329198,28182,7.9,349619,333242,16377,4.7,359534,346976,12558,3.5
"1259","26083",883,821,62,7,903,841,62,6.9,898,816,82,9.1,890,831,59,6.6,904,849,55,6.1
"1260","26085",3640,3391,249,6.8,3779,3539,240,6.4,3970,3527,443,11.2,3834,3523,311,8.1,3885,3611,274,7.1
"1261","26087",41596,39418,2178,5.2,41925,39686,2239,5.3,40600,35651,4949,12.2,40163,37743,2420,6,40156,38435,1721,4.3
"1262","26089",10434,9989,445,4.3,10486,10089,397,3.8,10253,9411,842,8.2,10080,9561,519,5.1,10300,9861,439,4.3
"1263","26091",46912,45002,1910,4.1,46518,44693,1825,3.9,45756,41546,4210,9.2,44574,42137,2437,5.5,44786,42695,2091,4.7
"1264","26093",104682,101223,3459,3.3,106170,102733,3437,3.2,101006,92311,8695,8.6,101971,97724,4247,4.2,102705,99778,2927,2.8
"1265","26095",2383,2234,149,6.3,2272,2128,144,6.3,2233,2032,201,9,2139,1991,148,6.9,2117,1985,132,6.2
"1266","26097",5207,4713,494,9.5,5202,4721,481,9.2,4951,4271,680,13.7,4856,4438,418,8.6,5085,4623,462,9.1
"1267","26099",452517,434086,18431,4.1,457368,438286,19082,4.2,443160,391142,52018,11.7,439919,414146,25773,5.9,440043,423756,16287,3.7
"1268","26101",10360,9758,602,5.8,10433,9852,581,5.6,10207,9060,1147,11.2,9694,8993,701,7.2,9751,9174,577,5.9
"1269","26103",32551,30954,1597,4.9,32540,30942,1598,4.9,31782,29057,2725,8.6,30950,29309,1641,5.3,31807,30224,1583,5
"1270","26105",13798,13122,676,4.9,13677,12999,678,5,13329,12049,1280,9.6,13031,12201,830,6.4,13174,12475,699,5.3
"1271","26107",18505,17579,926,5,18466,17598,868,4.7,18381,16641,1740,9.5,17835,16708,1127,6.3,18207,17198,1009,5.5
"1272","26109",11011,10564,447,4.1,11027,10580,447,4.1,10683,9969,714,6.7,10504,10030,474,4.5,10644,10190,454,4.3
"1273","26111",40746,39126,1620,4,40240,38713,1527,3.8,39388,36304,3084,7.8,38592,36711,1881,4.9,39895,38161,1734,4.3
"1274","26113",6885,6532,353,5.1,6948,6612,336,4.8,6929,6274,655,9.5,6841,6464,377,5.5,6789,6446,343,5.1
"1275","26115",76074,72882,3192,4.2,75885,72902,2983,3.9,74492,67671,6821,9.2,72122,67771,4351,6,74453,70861,3592,4.8
"1276","26117",28374,27164,1210,4.3,28369,27200,1169,4.1,27929,25289,2640,9.5,27109,25599,1510,5.6,27766,26511,1255,4.5
"1277","26119",3020,2756,264,8.7,3001,2748,253,8.4,3022,2610,412,13.6,2954,2684,270,9.1,3018,2772,246,8.2
"1278","26121",78143,74569,3574,4.6,77412,74072,3340,4.3,77752,68560,9192,11.8,75488,69977,5511,7.3,76671,72763,3908,5.1
"1279","26123",23222,22205,1017,4.4,23464,22463,1001,4.3,23379,21283,2096,9,22856,21576,1280,5.6,23161,22063,1098,4.7
"1280","26125",683285,660263,23022,3.4,689483,666319,23164,3.4,654755,595203,59552,9.1,660789,630128,30661,4.6,664232,644401,19831,3
"1281","26127",12051,11299,752,6.2,12090,11362,728,6,12049,10751,1298,10.8,11585,10738,847,7.3,11407,10659,748,6.6
"1282","26129",8220,7651,569,6.9,8058,7515,543,6.7,8081,7166,915,11.3,7950,7338,612,7.7,8229,7653,576,7
"1283","26131",2100,1936,164,7.8,2087,1943,144,6.9,2052,1831,221,10.8,2010,1858,152,7.6,2002,1852,150,7.5
"1284","26133",10909,10424,485,4.4,11283,10822,461,4.1,11561,10568,993,8.6,11252,10629,623,5.5,11285,10752,533,4.7
"1285","26135",2953,2763,190,6.4,2996,2784,212,7.1,2808,2447,361,12.9,2667,2431,236,8.8,2783,2563,220,7.9
"1286","26137",11616,11004,612,5.3,11649,11065,584,5,11652,10418,1234,10.6,11407,10645,762,6.7,11486,10864,622,5.4
"1287","26139",161124,156563,4561,2.8,162118,157601,4517,2.8,160033,148750,11283,7.1,156982,150580,6402,4.1,161616,156266,5350,3.3
"1288","26141",5047,4644,403,8,4957,4581,376,7.6,4959,4387,572,11.5,4793,4418,375,7.8,4900,4523,377,7.7
"1289","26143",7863,7250,613,7.8,7785,7198,587,7.5,7771,6787,984,12.7,7472,6774,698,9.3,7930,7254,676,8.5
"1290","26145",87214,83063,4151,4.8,86970,82781,4189,4.8,84794,76066,8728,10.3,81642,75966,5676,7,82601,78002,4599,5.6
"1291","26147",76546,72866,3680,4.8,77287,73566,3721,4.8,74803,66061,8742,11.7,74301,69936,4365,5.9,74282,71387,2895,3.9
"1292","26149",28356,27297,1059,3.7,28237,27027,1210,4.3,29121,26399,2722,9.3,27811,26387,1424,5.1,28305,27098,1207,4.3
"1293","26151",19255,18260,995,5.2,19605,18666,939,4.8,19484,17534,1950,10,18960,17808,1152,6.1,18809,17821,988,5.3
"1294","26153",3372,3130,242,7.2,3308,3073,235,7.1,3252,2924,328,10.1,3108,2859,249,8,3106,2865,241,7.8
"1295","26155",33258,31821,1437,4.3,33512,32068,1444,4.3,32846,29743,3103,9.4,31760,29961,1799,5.7,32187,30651,1536,4.8
"1296","26157",23782,22480,1302,5.5,23945,22715,1230,5.1,23701,21231,2470,10.4,22685,21266,1419,6.3,22886,21644,1242,5.4
"1297","26159",35150,33425,1725,4.9,35404,33777,1627,4.6,34830,31808,3022,8.7,33768,31731,2037,6,34141,32402,1739,5.1
"1298","26161",196380,190374,6006,3.1,199232,193476,5756,2.9,194032,181053,12979,6.7,188812,180627,8185,4.3,194931,187847,7084,3.6
"1299","26163",809586,767285,42301,5.2,818098,777272,40826,5,803161,694576,108585,13.5,795757,733422,62335,7.8,789916,753274,36642,4.6
"1300","26165",14745,14053,692,4.7,14884,14205,679,4.6,14931,13362,1569,10.5,14655,13795,860,5.9,14773,14049,724,4.9
"1301","27001",7198,6783,415,5.8,7313,6858,455,6.2,7543,6920,623,8.3,7394,7012,382,5.2,7459,7122,337,4.5
"1302","27003",196929,191292,5637,2.9,199772,193596,6176,3.1,201764,188755,13009,6.4,194813,187425,7388,3.8,198440,193204,5236,2.6
"1303","27005",18631,17947,684,3.7,18873,18123,750,4,19099,17891,1208,6.3,19118,18423,695,3.6,19393,18821,572,2.9
"1304","27007",24190,23169,1021,4.2,24488,23437,1051,4.3,25096,23488,1608,6.4,24536,23544,992,4,25036,24215,821,3.3
"1305","27009",21866,21082,784,3.6,22057,21190,867,3.9,22261,20764,1497,6.7,21445,20431,1014,4.7,21608,20865,743,3.4
"1306","27011",2505,2407,98,3.9,2497,2392,105,4.2,2564,2441,123,4.8,2448,2356,92,3.8,2399,2321,78,3.3
"1307","27013",40349,39305,1044,2.6,40812,39675,1137,2.8,40969,38739,2230,5.4,39617,38271,1346,3.4,40267,39356,911,2.3
"1308","27015",14495,13993,502,3.5,14434,13908,526,3.6,14353,13603,750,5.2,13713,13248,465,3.4,13773,13399,374,2.7
"1309","27017",17854,17100,754,4.2,17969,17163,806,4.5,17878,16566,1312,7.3,17385,16618,767,4.4,17578,16945,633,3.6
"1310","27019",58350,56873,1477,2.5,59566,57911,1655,2.8,60002,56862,3140,5.2,58099,56330,1769,3,59251,57973,1278,2.2
"1311","27021",14308,13550,758,5.3,14474,13668,806,5.6,14593,13253,1340,9.2,15709,14943,766,4.9,14729,14110,619,4.2
"1312","27023",6888,6662,226,3.3,6926,6655,271,3.9,6824,6471,353,5.2,6594,6380,214,3.2,6480,6322,158,2.4
"1313","27025",29831,28801,1030,3.5,30389,29238,1151,3.8,30481,28437,2044,6.7,29411,28200,1211,4.1,29924,29002,922,3.1
"1314","27027",35695,34640,1055,3,36265,35154,1111,3.1,36746,35138,1608,4.4,36854,35761,1093,3,37587,36777,810,2.2
"1315","27029",4475,4102,373,8.3,4489,4116,373,8.3,4569,4119,450,9.8,4381,4095,286,6.5,4504,4207,297,6.6
"1316","27031",3049,2941,108,3.5,3133,2997,136,4.3,3019,2765,254,8.4,2954,2812,142,4.8,2850,2749,101,3.5
"1317","27033",5812,5598,214,3.7,5943,5722,221,3.7,6396,6089,307,4.8,6540,6297,243,3.7,6664,6477,187,2.8
"1318","27035",32210,30901,1309,4.1,32402,30987,1415,4.4,32646,30250,2396,7.3,32777,31351,1426,4.4,33477,32390,1087,3.2
"1319","27037",240631,234323,6308,2.6,244148,237067,7081,2.9,246040,230658,15382,6.3,237397,229043,8354,3.5,241932,236152,5780,2.4
"1320","27039",11785,11420,365,3.1,11939,11532,407,3.4,12165,11501,664,5.5,11866,11458,408,3.4,11907,11591,316,2.7
"1321","27041",20628,20028,600,2.9,21134,20461,673,3.2,21481,20442,1039,4.8,21438,20783,655,3.1,21530,21023,507,2.4
"1322","27043",6998,6749,249,3.6,7055,6761,294,4.2,7183,6735,448,6.2,6967,6682,285,4.1,7067,6844,223,3.2
"1323","27045",11494,11126,368,3.2,11570,11183,387,3.3,11794,11186,608,5.2,11416,11041,375,3.3,11427,11127,300,2.6
"1324","27047",16044,15516,528,3.3,16167,15607,560,3.5,16369,15432,937,5.7,15758,15160,598,3.8,15839,15414,425,2.7
"1325","27049",26810,26051,759,2.8,27113,26278,835,3.1,26984,25390,1594,5.9,26463,25532,931,3.5,26680,25993,687,2.6
"1326","27051",3303,3167,136,4.1,3325,3176,149,4.5,3377,3195,182,5.4,3271,3139,132,4,3261,3165,96,2.9
"1327","27053",703734,685629,18105,2.6,711222,691369,19853,2.8,717935,670358,47577,6.6,692722,666210,26512,3.8,703573,686159,17414,2.5
"1328","27055",10406,10098,308,3,10436,10099,337,3.2,10452,9996,456,4.4,10362,10040,322,3.1,10453,10215,238,2.3
"1329","27057",9889,9383,506,5.1,10028,9483,545,5.4,10099,9377,722,7.1,10214,9761,453,4.4,10169,9742,427,4.2
"1330","27059",21231,20417,814,3.8,21688,20807,881,4.1,22056,20548,1508,6.8,21337,20372,965,4.5,21709,20980,729,3.4
"1331","27061",21823,20609,1214,5.6,22038,20722,1316,6,22359,20426,1933,8.6,21689,20576,1113,5.1,21727,20749,978,4.5
"1332","27063",5720,5548,172,3,5734,5536,198,3.5,5854,5544,310,5.3,5504,5314,190,3.5,5416,5280,136,2.5
"1333","27065",8957,8453,504,5.6,9111,8571,540,5.9,9200,8448,752,8.2,9049,8529,520,5.7,9215,8783,432,4.7
"1334","27067",24758,24008,750,3,24411,23546,865,3.5,24868,23652,1216,4.9,23472,22560,912,3.9,23213,22547,666,2.9
"1335","27069",2337,2267,70,3,2380,2293,87,3.7,2415,2301,114,4.7,2268,2196,72,3.2,2228,2165,63,2.8
"1336","27071",5949,5575,374,6.3,6006,5625,381,6.3,5869,5429,440,7.5,5717,5443,274,4.8,5813,5579,234,4
"1337","27073",3524,3392,132,3.7,3556,3422,134,3.8,3548,3376,172,4.8,3373,3267,106,3.1,3400,3308,92,2.7
"1338","27075",5483,5305,178,3.2,5522,5321,201,3.6,5382,4989,393,7.3,5377,5166,211,3.9,5336,5070,266,5
"1339","27077",2402,2308,94,3.9,2458,2355,103,4.2,2458,2305,153,6.2,2412,2316,96,4,2403,2325,78,3.2
"1340","27079",16095,15412,683,4.2,16419,15679,740,4.5,16264,15142,1122,6.9,15651,14935,716,4.6,15898,15329,569,3.6
"1341","27081",3264,3163,101,3.1,3267,3143,124,3.8,3162,3019,143,4.5,3046,2932,114,3.7,3029,2941,88,2.9
"1342","27083",14774,14341,433,2.9,14575,14107,468,3.2,14721,14061,660,4.5,14293,13865,428,3,14421,14061,360,2.5
"1343","27085",19544,18915,629,3.2,19410,18687,723,3.7,19495,18368,1127,5.8,19116,18394,722,3.8,19257,18701,556,2.9
"1344","27087",2326,2216,110,4.7,2307,2197,110,4.8,2226,1933,293,13.2,2181,2036,145,6.6,2234,2125,109,4.9
"1345","27089",5427,5104,323,6,5429,5107,322,5.9,5504,5139,365,6.6,5294,5054,240,4.5,5357,5142,215,4
"1346","27091",10273,9940,333,3.2,10093,9710,383,3.8,10137,9589,548,5.4,9641,9299,342,3.5,9618,9358,260,2.7
"1347","27093",13176,12704,472,3.6,13404,12882,522,3.9,13417,12698,719,5.4,13193,12704,489,3.7,13551,13153,398,2.9
"1348","27095",12855,12218,637,5,13036,12325,711,5.5,13004,11883,1121,8.6,12482,11765,717,5.7,12667,12097,570,4.5
"1349","27097",17568,16720,848,4.8,17646,16721,925,5.2,18098,16855,1243,6.9,17482,16642,840,4.8,17275,16512,763,4.4
"1350","27099",20409,19840,569,2.8,20498,19875,623,3,21035,19965,1070,5.1,20629,19920,709,3.4,20746,20218,528,2.5
"1351","27101",4884,4697,187,3.8,4867,4656,211,4.3,4898,4645,253,5.2,4710,4516,194,4.1,4654,4500,154,3.3
"1352","27103",20806,20332,474,2.3,21026,20489,537,2.6,21021,19996,1025,4.9,20342,19722,620,3,20648,20234,414,2
"1353","27105",11302,10999,303,2.7,11261,10924,337,3,11710,11209,501,4.3,11308,10954,354,3.1,11087,10837,250,2.3
"1354","27107",3362,3213,149,4.4,3266,3108,158,4.8,3341,3127,214,6.4,3189,3051,138,4.3,3190,3076,114,3.6
"1355","27109",87845,85764,2081,2.4,89543,87229,2314,2.6,92206,87167,5039,5.5,90609,87783,2826,3.1,91063,89076,1987,2.2
"1356","27111",31395,30230,1165,3.7,31543,30216,1327,4.2,31842,30093,1749,5.5,31337,30178,1159,3.7,31357,30411,946,3
"1357","27113",8779,8401,378,4.3,8746,8343,403,4.6,8756,8211,545,6.2,8696,8346,350,4,8815,8522,293,3.3
"1358","27115",14891,14146,745,5,15122,14282,840,5.6,14726,13436,1290,8.8,14232,13453,779,5.5,14389,13749,640,4.4
"1359","27117",4936,4790,146,3,4935,4761,174,3.5,4729,4534,195,4.1,4571,4428,143,3.1,4662,4544,118,2.5
"1360","27119",16720,16085,635,3.8,16761,16094,667,4,16446,15502,944,5.7,16003,15337,666,4.2,16045,15570,475,3
"1361","27121",6417,6245,172,2.7,6553,6347,206,3.1,6607,6308,299,4.5,6472,6268,204,3.2,6502,6343,159,2.4
"1362","27123",288474,280472,8002,2.8,290194,281441,8753,3,291543,271062,20481,7,281195,269271,11924,4.2,285106,277417,7689,2.7
"1363","27125",2230,2112,118,5.3,2234,2116,118,5.3,2251,2104,147,6.5,2186,2092,94,4.3,2172,2089,83,3.8
"1364","27127",7620,7339,281,3.7,7636,7352,284,3.7,7840,7402,438,5.6,7555,7276,279,3.7,7596,7395,201,2.6
"1365","27129",8726,8371,355,4.1,8670,8275,395,4.6,8569,8071,498,5.8,8312,7958,354,4.3,8118,7826,292,3.6
"1366","27131",36946,35892,1054,2.9,37369,36199,1170,3.1,37654,35632,2022,5.4,37120,35814,1306,3.5,37472,36502,970,2.6
"1367","27133",5702,5567,135,2.4,5669,5539,130,2.3,5889,5705,184,3.1,5921,5798,123,2.1,6010,5909,101,1.7
"1368","27135",7900,7627,273,3.5,7871,7564,307,3.9,7999,7536,463,5.8,7907,7652,255,3.2,7952,7749,203,2.6
"1369","27137",102051,98166,3885,3.8,102208,98092,4116,4,102005,94582,7423,7.3,99176,94999,4177,4.2,100261,96982,3279,3.3
"1370","27139",83258,81115,2143,2.6,84617,82278,2339,2.8,85537,80460,5077,5.9,82681,79886,2795,3.4,84242,82334,1908,2.3
"1371","27141",52223,50531,1692,3.2,53207,51330,1877,3.5,53751,50441,3310,6.2,52044,50029,2015,3.9,53090,51561,1529,2.9
"1372","27143",8518,8241,277,3.3,8516,8185,331,3.9,8379,7903,476,5.7,7986,7663,323,4,8078,7819,259,3.2
"1373","27145",90161,87428,2733,3,91055,88136,2919,3.2,92053,86718,5335,5.8,88710,85172,3538,4,89421,86991,2430,2.7
"1374","27147",20489,19864,625,3.1,21242,20566,676,3.2,20733,19590,1143,5.5,20333,19604,729,3.6,19284,18737,547,2.8
"1375","27149",5450,5317,133,2.4,5469,5321,148,2.7,5487,5307,180,3.3,5312,5175,137,2.6,5349,5232,117,2.2
"1376","27151",5021,4833,188,3.7,4920,4704,216,4.4,4923,4633,290,5.9,4762,4572,190,4,4805,4659,146,3
"1377","27153",13497,12955,542,4,13605,13001,604,4.4,13923,13168,755,5.4,13422,12875,547,4.1,13509,13077,432,3.2
"1378","27155",1777,1718,59,3.3,1772,1707,65,3.7,1772,1692,80,4.5,1660,1604,56,3.4,1638,1597,41,2.5
"1379","27157",12227,11854,373,3.1,12314,11900,414,3.4,12550,11872,678,5.4,12157,11752,405,3.3,12165,11849,316,2.6
"1380","27159",5918,5600,318,5.4,5960,5589,371,6.2,6070,5596,474,7.8,6013,5721,292,4.9,6068,5817,251,4.1
"1381","27161",8986,8610,376,4.2,9070,8717,353,3.9,9221,8638,583,6.3,8842,8463,379,4.3,8618,8318,300,3.5
"1382","27163",142780,139093,3687,2.6,145409,141287,4122,2.8,146471,138162,8309,5.7,141738,137110,4628,3.3,144655,141362,3293,2.3
"1383","27165",6530,6298,232,3.6,6537,6271,266,4.1,6721,6405,316,4.7,6538,6323,215,3.3,6520,6355,165,2.5
"1384","27167",3525,3416,109,3.1,3527,3407,120,3.4,3498,3352,146,4.2,3398,3294,104,3.1,3395,3319,76,2.2
"1385","27169",28732,27956,776,2.7,28731,27898,833,2.9,28513,27087,1426,5,27912,27036,876,3.1,28246,27630,616,2.2
"1386","27171",75416,73110,2306,3.1,76961,74446,2515,3.3,77423,73074,4349,5.6,75043,72443,2600,3.5,76520,74540,1980,2.6
"1387","27173",5352,5187,165,3.1,5377,5171,206,3.8,5355,5107,248,4.6,5066,4903,163,3.2,5036,4894,142,2.8
"1388","28001",11216,10490,726,6.5,11161,10358,803,7.2,10462,9328,1134,10.8,10584,9742,842,8,10527,9984,543,5.2
"1389","28003",16088,15402,686,4.3,16181,15406,775,4.8,15156,14216,940,6.2,15143,14426,717,4.7,15111,14568,543,3.6
"1390","28005",4380,4102,278,6.3,4444,4131,313,7,4388,4024,364,8.3,4386,4074,312,7.1,4295,4070,225,5.2
"1391","28007",6950,6548,402,5.8,7029,6581,448,6.4,6861,6293,568,8.3,6862,6455,407,5.9,6866,6574,292,4.3
"1392","28009",3026,2852,174,5.8,3057,2865,192,6.3,2999,2753,246,8.2,3041,2849,192,6.3,3053,2902,151,4.9
"1393","28011",12380,11605,775,6.3,11960,11105,855,7.1,11384,10406,978,8.6,11336,10572,764,6.7,11116,10583,533,4.8
"1394","28013",5553,5287,266,4.8,5587,5270,317,5.7,5530,5087,443,8,5451,5169,282,5.2,5408,5185,223,4.1
"1395","28015",3442,3242,200,5.8,3534,3312,222,6.3,3400,3140,260,7.6,3439,3239,200,5.8,3356,3205,151,4.5
"1396","28017",7000,6640,360,5.1,6935,6535,400,5.8,6888,6152,736,10.7,6849,6428,421,6.1,6618,6319,299,4.5
"1397","28019",3707,3520,187,5,3710,3501,209,5.6,3554,3330,224,6.3,3564,3394,170,4.8,3568,3437,131,3.7
"1398","28021",3014,2730,284,9.4,3100,2767,333,10.7,3073,2635,438,14.3,2981,2645,336,11.3,2904,2666,238,8.2
"1399","28023",5942,5603,339,5.7,5962,5586,376,6.3,5717,5240,477,8.3,5677,5327,350,6.2,5610,5346,264,4.7
"1400","28025",7683,7204,479,6.2,7859,7267,592,7.5,7843,6938,905,11.5,8035,7482,553,6.9,8692,8334,358,4.1
"1401","28027",8376,7772,604,7.2,8342,7695,647,7.8,8289,7269,1020,12.3,8056,7379,677,8.4,7552,7127,425,5.6
"1402","28029",11125,10487,638,5.7,11104,10358,746,6.7,10675,9801,874,8.2,10791,10106,685,6.3,10775,10300,475,4.4
"1403","28031",8064,7694,370,4.6,8216,7815,401,4.9,8248,7685,563,6.8,8226,7808,418,5.1,8203,7915,288,3.5
"1404","28033",90453,86920,3533,3.9,92992,88807,4185,4.5,91325,85887,5438,6,92984,88922,4062,4.4,93589,90556,3033,3.2
"1405","28035",33074,31552,1522,4.6,33167,31422,1745,5.3,32519,29922,2597,8,33329,31484,1845,5.5,33326,32074,1252,3.8
"1406","28037",2803,2633,170,6.1,2783,2589,194,7,2715,2492,223,8.2,2664,2485,179,6.7,2632,2491,141,5.4
"1407","28039",8777,8190,587,6.7,8945,8275,670,7.5,8879,8079,800,9,8806,8209,597,6.8,8732,8295,437,5
"1408","28041",4283,4007,276,6.4,4363,4015,348,8,4261,3851,410,9.6,4211,3901,310,7.4,4182,3940,242,5.8
"1409","28043",9547,9127,420,4.4,9628,9141,487,5.1,9176,8522,654,7.1,9087,8640,447,4.9,8811,8481,330,3.7
"1410","28045",18641,17665,976,5.2,18863,17783,1080,5.7,18619,17069,1550,8.3,19104,18006,1098,5.7,18982,18208,774,4.1
"1411","28047",85777,81704,4073,4.7,86919,82332,4587,5.3,86738,78640,8098,9.3,87759,83051,4708,5.4,87332,84025,3307,3.8
"1412","28049",106814,101642,5172,4.8,105312,99684,5628,5.3,102332,92826,9506,9.3,102062,95905,6157,6,101741,97738,4003,3.9
"1413","28051",5684,5163,521,9.2,5614,5034,580,10.3,5459,4584,875,16,5201,4649,552,10.6,5044,4711,333,6.6
"1414","28053",2193,1994,199,9.1,2190,1964,226,10.3,2189,1870,319,14.6,2063,1812,251,12.2,1972,1822,150,7.6
"1415","28055",370,336,34,9.2,362,318,44,12.2,327,298,29,8.9,327,298,29,8.9,314,291,23,7.3
"1416","28057",10366,9935,431,4.2,10518,10014,504,4.8,10182,9479,703,6.9,10372,9931,441,4.3,10261,9910,351,3.4
"1417","28059",58203,54831,3372,5.8,58632,55009,3623,6.2,57864,52412,5452,9.4,58829,55377,3452,5.9,58527,56036,2491,4.3
"1418","28061",5986,5622,364,6.1,6248,5816,432,6.9,5989,5459,530,8.8,5817,5405,412,7.1,5834,5540,294,5
"1419","28063",2023,1751,272,13.4,2016,1696,320,15.9,1965,1608,357,18.2,1906,1605,301,15.8,1869,1626,243,13
"1420","28065",4094,3813,281,6.9,4107,3819,288,7,3955,3579,376,9.5,3910,3618,292,7.5,3876,3681,195,5
"1421","28067",25542,24262,1280,5,26432,25008,1424,5.4,25229,23457,1772,7,24634,23252,1382,5.6,24851,23824,1027,4.1
"1422","28069",3564,3292,272,7.6,3487,3210,277,7.9,3322,3006,316,9.5,3284,3046,238,7.2,3251,3059,192,5.9
"1423","28071",28084,26954,1130,4,28042,26795,1247,4.4,26356,24770,1586,6,27715,26583,1132,4.1,28008,27118,890,3.2
"1424","28073",30577,29420,1157,3.8,31105,29765,1340,4.3,30462,28646,1816,6,31436,30157,1279,4.1,31690,30723,967,3.1
"1425","28075",30726,29152,1574,5.1,30382,28691,1691,5.6,29296,27117,2179,7.4,29131,27574,1557,5.3,28832,27664,1168,4.1
"1426","28077",4635,4353,282,6.1,4644,4321,323,7,4617,4220,397,8.6,4666,4355,311,6.7,4778,4554,224,4.7
"1427","28079",7826,7422,404,5.2,8050,7597,453,5.6,7952,7333,619,7.8,7915,7475,440,5.6,7889,7562,327,4.1
"1428","28081",40674,39054,1620,4,41484,39646,1838,4.4,40932,37642,3290,8,41383,39507,1876,4.5,40763,39404,1359,3.3
"1429","28083",9940,9232,708,7.1,9922,9162,760,7.7,9791,8758,1033,10.6,9828,9045,783,8,9447,8940,507,5.4
"1430","28085",14571,13865,706,4.8,14653,13817,836,5.7,14327,13281,1046,7.3,14819,14083,736,5,14796,14247,549,3.7
"1431","28087",25122,23866,1256,5,25760,24387,1373,5.3,24710,22668,2042,8.3,24709,23276,1433,5.8,24553,23542,1011,4.1
"1432","28089",53098,51064,2034,3.8,53922,51520,2402,4.5,52465,49079,3386,6.5,52947,50705,2242,4.2,53338,51667,1671,3.1
"1433","28091",10016,9485,531,5.3,10014,9454,560,5.6,10016,9311,705,7,10218,9682,536,5.2,10131,9744,387,3.8
"1434","28093",14338,13600,738,5.1,14461,13616,845,5.8,14003,12954,1049,7.5,14219,13404,815,5.7,14226,13647,579,4.1
"1435","28095",15405,14630,775,5,15645,14784,861,5.5,15509,14145,1364,8.8,15797,14989,808,5.1,15582,14963,619,4
"1436","28097",3998,3780,218,5.5,3951,3711,240,6.1,3871,3563,308,8,3863,3631,232,6,3899,3733,166,4.3
"1437","28099",10149,9626,523,5.2,10355,9734,621,6,10278,9331,947,9.2,10020,9461,559,5.6,9870,9438,432,4.4
"1438","28101",8756,8326,430,4.9,8383,7902,481,5.7,7963,7338,625,7.8,8184,7743,441,5.4,7988,7646,342,4.3
"1439","28103",3800,3538,262,6.9,3778,3498,280,7.4,3789,3372,417,11,3598,3290,308,8.6,3400,3197,203,6
"1440","28105",22327,21241,1086,4.9,22778,21480,1298,5.7,21860,20194,1666,7.6,22345,21124,1221,5.5,22093,21189,904,4.1
"1441","28107",12818,12020,798,6.2,12676,11828,848,6.7,12592,11372,1220,9.7,12528,11662,866,6.9,12333,11757,576,4.7
"1442","28109",23484,22339,1145,4.9,23755,22482,1273,5.4,22988,21343,1645,7.2,23344,22047,1297,5.6,23428,22519,909,3.9
"1443","28111",4257,3999,258,6.1,4304,4007,297,6.9,4144,3784,360,8.7,4248,3975,273,6.4,4254,4050,204,4.8
"1444","28113",14443,13581,862,6,14549,13583,966,6.6,14445,13167,1278,8.8,14361,13364,997,6.9,14017,13339,678,4.8
"1445","28115",14587,14009,578,4,14994,14331,663,4.4,14884,13749,1135,7.6,15071,14411,660,4.4,14893,14379,514,3.5
"1446","28117",11223,10726,497,4.4,11377,10817,560,4.9,11068,10310,758,6.8,11290,10799,491,4.3,11301,10925,376,3.3
"1447","28119",2355,2169,186,7.9,2331,2137,194,8.3,2337,2087,250,10.7,2334,2141,193,8.3,2305,2175,130,5.6
"1448","28121",76011,73307,2704,3.6,77290,74180,3110,4,74462,70573,3889,5.2,75632,72910,2722,3.6,76550,74306,2244,2.9
"1449","28123",12899,12374,525,4.1,12832,12251,581,4.5,12465,11740,725,5.8,12337,11768,569,4.6,12242,11809,433,3.5
"1450","28125",1605,1484,121,7.5,1481,1345,136,9.2,1456,1299,157,10.8,1401,1275,126,9,1320,1242,78,5.9
"1451","28127",10715,10210,505,4.7,10782,10214,568,5.3,10395,9695,700,6.7,10543,10000,543,5.2,10592,10192,400,3.8
"1452","28129",6746,6438,308,4.6,6817,6456,361,5.3,6558,6182,376,5.7,6589,6294,295,4.5,6616,6373,243,3.7
"1453","28131",6707,6307,400,6,6916,6488,428,6.2,6859,6343,516,7.5,6930,6557,373,5.4,6955,6666,289,4.2
"1454","28133",7772,7146,626,8.1,7469,6778,691,9.3,7458,6638,820,11,7314,6666,648,8.9,7180,6765,415,5.8
"1455","28135",5257,4968,289,5.5,5374,5066,308,5.7,5104,4725,379,7.4,4786,4499,287,6,4631,4435,196,4.2
"1456","28137",12248,11623,625,5.1,12220,11523,697,5.7,11977,11070,907,7.6,12110,11440,670,5.5,12125,11650,475,3.9
"1457","28139",9428,9008,420,4.5,9570,9075,495,5.2,9206,8568,638,6.9,9440,9009,431,4.6,9746,9414,332,3.4
"1458","28141",8490,8091,399,4.7,8688,8239,449,5.2,8269,7729,540,6.5,8325,7948,377,4.5,8493,8182,311,3.7
"1459","28143",4391,4148,243,5.5,4330,4053,277,6.4,4447,3782,665,15,4261,3900,361,8.5,4163,3975,188,4.5
"1460","28145",14002,13493,509,3.6,14380,13770,610,4.2,13970,12985,985,7.1,14137,13570,567,4,14632,14202,430,2.9
"1461","28147",5046,4713,333,6.6,4966,4601,365,7.3,4931,4519,412,8.4,4938,4603,335,6.8,4910,4668,242,4.9
"1462","28149",20441,19299,1142,5.6,20500,19257,1243,6.1,19962,18241,1721,8.6,19478,18311,1167,6,19263,18454,809,4.2
"1463","28151",17223,16025,1198,7,16225,14934,1291,8,16244,14510,1734,10.7,15700,14438,1262,8,14729,13881,848,5.8
"1464","28153",7309,6898,411,5.6,7539,7073,466,6.2,7403,6765,638,8.6,7301,6819,482,6.6,7069,6725,344,4.9
"1465","28155",3896,3697,199,5.1,3968,3738,230,5.8,3847,3566,281,7.3,3916,3706,210,5.4,3875,3724,151,3.9
"1466","28157",2773,2528,245,8.8,2817,2528,289,10.3,2730,2377,353,12.9,2746,2452,294,10.7,2580,2416,164,6.4
"1467","28159",7287,6861,426,5.8,7425,6968,457,6.2,7279,6655,624,8.6,7241,6806,435,6,7138,6827,311,4.4
"1468","28161",5103,4846,257,5,4985,4695,290,5.8,4854,4477,377,7.8,4903,4637,266,5.4,4749,4555,194,4.1
"1469","28163",9350,8814,536,5.7,9952,9315,637,6.4,8992,8083,909,10.1,8952,8319,633,7.1,8877,8476,401,4.5
"1470","29001",10615,10236,379,3.6,10274,9882,392,3.8,10047,9531,516,5.1,9825,9425,400,4.1,9841,9547,294,3
"1471","29003",9709,9450,259,2.7,9837,9571,266,2.7,9711,9319,392,4,9505,9231,274,2.9,9400,9201,199,2.1
"1472","29005",2763,2694,69,2.5,2682,2585,97,3.6,2714,2604,110,4.1,2634,2553,81,3.1,2554,2493,61,2.4
"1473","29007",10782,10445,337,3.1,10614,10263,351,3.3,10279,9678,601,5.8,10144,9791,353,3.5,9940,9645,295,3
"1474","29009",15598,15133,465,3,15491,14960,531,3.4,15647,14621,1026,6.6,14902,14258,644,4.3,14195,13806,389,2.7
"1475","29011",5174,5013,161,3.1,5151,4980,171,3.3,5155,4901,254,4.9,5175,5010,165,3.2,5192,5071,121,2.3
"1476","29013",7851,7544,307,3.9,7753,7443,310,4,7595,7187,408,5.4,7638,7333,305,4,7645,7438,207,2.7
"1477","29015",7161,6834,327,4.6,7140,6801,339,4.7,7215,6684,531,7.4,7255,6866,389,5.4,7213,6952,261,3.6
"1478","29017",5427,5228,199,3.7,5431,5223,208,3.8,5365,5061,304,5.7,5308,5100,208,3.9,5285,5147,138,2.6
"1479","29019",97496,95257,2239,2.3,98176,95874,2302,2.3,95846,91739,4107,4.3,98490,95719,2771,2.8,99703,97738,1965,2
"1480","29021",44322,42993,1329,3,44152,42822,1330,3,43592,41434,2158,5,42604,41074,1530,3.6,42112,41103,1009,2.4
"1481","29023",18100,17266,834,4.6,17880,17059,821,4.6,18122,16980,1142,6.3,17877,17083,794,4.4,17926,17400,526,2.9
"1482","29025",4350,4211,139,3.2,4280,4146,134,3.1,4236,4009,227,5.4,4290,4084,206,4.8,4251,4134,117,2.8
"1483","29027",21111,20491,620,2.9,21317,20709,608,2.9,21370,20410,960,4.5,21462,20780,682,3.2,21592,21097,495,2.3
"1484","29029",18582,17788,794,4.3,18780,17948,832,4.4,18742,17432,1310,7,19103,18214,889,4.7,19079,18481,598,3.1
"1485","29031",40208,39094,1114,2.8,40646,39481,1165,2.9,40378,38300,2078,5.1,40150,38791,1359,3.4,40390,39491,899,2.2
"1486","29033",4660,4512,148,3.2,4772,4621,151,3.2,4611,4355,256,5.6,4481,4297,184,4.1,4391,4276,115,2.6
"1487","29035",2504,2376,128,5.1,2519,2398,121,4.8,2519,2354,165,6.6,2543,2419,124,4.9,2494,2405,89,3.6
"1488","29037",54221,52537,1684,3.1,54695,53075,1620,3,53832,50948,2884,5.4,54378,52392,1986,3.7,55021,53705,1316,2.4
"1489","29039",5695,5498,197,3.5,5746,5536,210,3.7,5719,5462,257,4.5,5747,5547,200,3.5,5638,5485,153,2.7
"1490","29041",3761,3655,106,2.8,3694,3585,109,3,3734,3583,151,4,3717,3601,116,3.1,3681,3605,76,2.1
"1491","29043",44004,42856,1148,2.6,45335,44126,1209,2.7,45611,43368,2243,4.9,46565,45155,1410,3,47463,46497,966,2
"1492","29045",3200,3076,124,3.9,3171,3060,111,3.5,3157,2966,191,6.1,3102,2965,137,4.4,2998,2903,95,3.2
"1493","29047",134780,130806,3974,2.9,137000,133157,3843,2.8,136422,128083,8339,6.1,138246,131866,6380,4.6,138929,135472,3457,2.5
"1494","29049",10658,10311,347,3.3,10578,10261,317,3,10499,9875,624,5.9,10648,10116,532,5,10634,10334,300,2.8
"1495","29051",38446,37481,965,2.5,39036,38047,989,2.5,38765,37045,1720,4.4,38912,37784,1128,2.9,39196,38428,768,2
"1496","29053",7414,7182,232,3.1,7411,7140,271,3.7,7155,6763,392,5.5,7051,6810,241,3.4,7070,6901,169,2.4
"1497","29055",10834,10408,426,3.9,10922,10519,403,3.7,10790,10097,693,6.4,10855,10393,462,4.3,10773,10469,304,2.8
"1498","29057",3563,3466,97,2.7,3527,3418,109,3.1,3548,3394,154,4.3,3526,3415,111,3.1,3447,3372,75,2.2
"1499","29059",6948,6669,279,4,7052,6741,311,4.4,7077,6661,416,5.9,7169,6878,291,4.1,7219,7025,194,2.7
"1500","29061",4032,3910,122,3,4073,3939,134,3.3,4105,3931,174,4.2,4082,3936,146,3.6,3960,3864,96,2.4
"1501","29063",4843,4691,152,3.1,4812,4667,145,3,4202,4012,190,4.5,4104,3955,149,3.6,4029,3925,104,2.6
"1502","29065",6203,5998,205,3.3,6259,6040,219,3.5,6298,5993,305,4.8,6240,5987,253,4.1,6095,5905,190,3.1
"1503","29067",5060,4831,229,4.5,5069,4819,250,4.9,5137,4742,395,7.7,5117,4910,207,4,5142,5003,139,2.7
"1504","29069",12018,11353,665,5.5,11463,10841,622,5.4,11518,10673,845,7.3,11168,10533,635,5.7,10927,10486,441,4
"1505","29071",52508,50889,1619,3.1,53439,51763,1676,3.1,52549,49291,3258,6.2,52596,50628,1968,3.7,53012,51787,1225,2.3
"1506","29073",7734,7507,227,2.9,7712,7457,255,3.3,7586,7149,437,5.8,7566,7306,260,3.4,7590,7418,172,2.3
"1507","29075",3570,3484,86,2.4,3482,3390,92,2.6,3391,3276,115,3.4,3303,3220,83,2.5,3178,3110,68,2.1
"1508","29077",148205,144370,3835,2.6,150509,146527,3982,2.6,149610,141530,8080,5.4,152233,147367,4866,3.2,155126,151957,3169,2
"1509","29079",4537,4373,164,3.6,4358,4208,150,3.4,4276,4079,197,4.6,4154,4013,141,3.4,4028,3922,106,2.6
"1510","29081",3840,3722,118,3.1,3780,3656,124,3.3,3785,3612,173,4.6,3726,3601,125,3.4,3693,3604,89,2.4
"1511","29083",9781,9428,353,3.6,9678,9323,355,3.7,9646,9075,571,5.9,9972,9598,374,3.8,10153,9889,264,2.6
"1512","29085",3840,3679,161,4.2,3823,3666,157,4.1,3865,3670,195,5,3921,3773,148,3.8,4011,3901,110,2.7
"1513","29087",2646,2582,64,2.4,2570,2500,70,2.7,2539,2453,86,3.4,2468,2399,69,2.8,2423,2378,45,1.9
"1514","29089",4965,4823,142,2.9,4860,4713,147,3,4804,4603,201,4.2,4815,4667,148,3.1,4720,4607,113,2.4
"1515","29091",16253,15668,585,3.6,16392,15738,654,4,16191,15100,1091,6.7,16012,15287,725,4.5,15896,15428,468,2.9
"1516","29093",3534,3341,193,5.5,3505,3340,165,4.7,3487,3239,248,7.1,3457,3268,189,5.5,3459,3321,138,4
"1517","29095",358556,344826,13730,3.8,360791,347510,13281,3.7,356799,330907,25892,7.3,359128,340899,18229,5.1,360551,350264,10287,2.9
"1518","29097",56446,54870,1576,2.8,56980,55305,1675,2.9,55795,52603,3192,5.7,56472,54480,1992,3.5,56822,55500,1322,2.3
"1519","29099",116593,112938,3655,3.1,118701,115114,3587,3,116718,109597,7121,6.1,117211,112771,4440,3.8,118310,115524,2786,2.4
"1520","29101",22738,21891,847,3.7,23013,22176,837,3.6,23060,21745,1315,5.7,22883,21930,953,4.2,22795,22192,603,2.6
"1521","29103",1915,1860,55,2.9,1762,1712,50,2.8,1745,1675,70,4,1720,1669,51,3,1689,1645,44,2.6
"1522","29105",16767,16142,625,3.7,17254,16091,1163,6.7,16714,15338,1376,8.2,16372,15707,665,4.1,16510,16093,417,2.5
"1523","29107",16732,16182,550,3.3,16714,16208,506,3,16500,15630,870,5.3,16662,15995,667,4,16764,16324,440,2.6
"1524","29109",18062,17505,557,3.1,17902,17284,618,3.5,17621,16544,1077,6.1,17309,16647,662,3.8,17057,16641,416,2.4
"1525","29111",5068,4924,144,2.8,4972,4817,155,3.1,4934,4691,243,4.9,4798,4639,159,3.3,4729,4620,109,2.3
"1526","29113",28112,27193,919,3.3,29120,28184,936,3.2,29030,27242,1788,6.2,29211,27950,1261,4.3,29329,28562,767,2.6
"1527","29115",5121,4879,242,4.7,5066,4824,242,4.8,5048,4735,313,6.2,5036,4777,259,5.1,5097,4947,150,2.9
"1528","29117",7495,7307,188,2.5,7322,7139,183,2.5,7289,7016,273,3.7,7194,6989,205,2.8,7181,7039,142,2
"1529","29119",10443,10120,323,3.1,10399,10055,344,3.3,10493,9961,532,5.1,10713,10331,382,3.6,11061,10792,269,2.4
"1530","29121",7605,7378,227,3,7470,7222,248,3.3,7417,7060,357,4.8,7289,7034,255,3.5,7168,6987,181,2.5
"1531","29123",5454,5261,193,3.5,5438,5256,182,3.3,5453,5096,357,6.5,5418,5192,226,4.2,5366,5211,155,2.9
"1532","29125",3871,3743,128,3.3,3857,3725,132,3.4,3895,3705,190,4.9,3878,3737,141,3.6,3833,3736,97,2.5
"1533","29127",14428,13978,450,3.1,14407,13958,449,3.1,14227,13539,688,4.8,14075,13614,461,3.3,13731,13407,324,2.4
"1534","29129",1905,1846,59,3.1,1842,1785,57,3.1,1862,1796,66,3.5,1792,1741,51,2.8,1686,1645,41,2.4
"1535","29131",12117,11670,447,3.7,12220,11768,452,3.7,12271,11522,749,6.1,12514,12029,485,3.9,12714,12392,322,2.5
"1536","29133",5936,5708,228,3.8,5724,5496,228,4,5628,5326,302,5.4,5376,5141,235,4.4,5158,4994,164,3.2
"1537","29135",7278,7060,218,3,7316,7105,211,2.9,7100,6793,307,4.3,7089,6864,225,3.2,7072,6912,160,2.3
"1538","29137",3957,3815,142,3.6,3817,3659,158,4.1,3776,3552,224,5.9,3762,3608,154,4.1,3733,3633,100,2.7
"1539","29139",5687,5520,167,2.9,5708,5532,176,3.1,5707,5424,283,5,5758,5556,202,3.5,5816,5675,141,2.4
"1540","29141",7964,7620,344,4.3,8084,7739,345,4.3,8204,7689,515,6.3,8397,8020,377,4.5,8287,8041,246,3
"1541","29143",8026,7642,384,4.8,8170,7825,345,4.2,8398,7906,492,5.9,8254,7887,367,4.4,8096,7855,241,3
"1542","29145",27045,26217,828,3.1,27073,26202,871,3.2,26585,25035,1550,5.8,26817,25854,963,3.6,26914,26262,652,2.4
"1543","29147",10643,10330,313,2.9,10731,10419,312,2.9,10708,10229,479,4.5,10658,10357,301,2.8,10893,10654,239,2.2
"1544","29149",3939,3802,137,3.5,3945,3792,153,3.9,3912,3645,267,6.8,3806,3617,189,5,3757,3639,118,3.1
"1545","29151",7049,6879,170,2.4,7053,6888,165,2.3,7015,6761,254,3.6,7028,6854,174,2.5,7050,6915,135,1.9
"1546","29153",3442,3263,179,5.2,3417,3224,193,5.6,3464,3212,252,7.3,3415,3240,175,5.1,3392,3266,126,3.7
"1547","29155",6312,5964,348,5.5,6300,5991,309,4.9,6260,5757,503,8,5979,5574,405,6.8,5741,5523,218,3.8
"1548","29157",10166,9926,240,2.4,9986,9728,258,2.6,9812,9264,548,5.6,9721,9430,291,3,9549,9350,199,2.1
"1549","29159",20733,19871,862,4.2,20814,20092,722,3.5,20581,19178,1403,6.8,20144,19254,890,4.4,19985,19472,513,2.6
"1550","29161",19658,19046,612,3.1,19656,19024,632,3.2,19726,18782,944,4.8,19848,19148,700,3.5,19987,19494,493,2.5
"1551","29163",7670,7390,280,3.7,7478,7219,259,3.5,7459,7055,404,5.4,7322,7050,272,3.7,7225,7045,180,2.5
"1552","29165",57945,56437,1508,2.6,58940,57400,1540,2.6,58761,55563,3198,5.4,59445,57187,2258,3.8,60049,58738,1311,2.2
"1553","29167",14391,13861,530,3.7,14409,13919,490,3.4,14290,13615,675,4.7,14570,14092,478,3.3,14744,14386,358,2.4
"1554","29169",14598,14067,531,3.6,14622,14035,587,4,14526,13701,825,5.7,14432,13826,606,4.2,14517,14089,428,2.9
"1555","29171",2419,2335,84,3.5,2263,2183,80,3.5,2266,2166,100,4.4,2219,2152,67,3,2162,2112,50,2.3
"1556","29173",5610,5451,159,2.8,5664,5491,173,3.1,5611,5360,251,4.5,5556,5376,180,3.2,5405,5280,125,2.3
"1557","29175",10229,9835,394,3.9,10280,9889,391,3.8,10121,9518,603,6,10184,9779,405,4,10191,9931,260,2.6
"1558","29177",10904,10501,403,3.7,10970,10579,391,3.6,10761,10020,741,6.9,10965,10295,670,6.1,10910,10546,364,3.3
"1559","29179",3031,2935,96,3.2,3010,2901,109,3.6,2922,2757,165,5.6,2905,2792,113,3.9,2803,2722,81,2.9
"1560","29181",5095,4826,269,5.3,4985,4714,271,5.4,5009,4614,395,7.9,5033,4774,259,5.1,5042,4883,159,3.2
"1561","29183",224217,218505,5712,2.5,229043,223377,5666,2.5,225255,213513,11742,5.2,226793,219432,7361,3.2,229549,224834,4715,2.1
"1562","29185",3788,3622,166,4.4,3729,3562,167,4.5,3774,3539,235,6.2,3805,3644,161,4.2,3786,3676,110,2.9
"1563","29186",9191,8932,259,2.8,9146,8906,240,2.6,9188,8733,455,5,9176,8879,297,3.2,9267,9058,209,2.3
"1564","29187",26496,25519,977,3.7,26484,25523,961,3.6,26256,24405,1851,7,25780,24609,1171,4.5,25566,24735,831,3.3
"1565","29189",525708,509845,15863,3,532300,516407,15893,3,521500,488389,33111,6.3,524264,502337,21927,4.2,527524,514653,12871,2.4
"1566","29195",10718,10385,333,3.1,10605,10274,331,3.1,10560,10077,483,4.6,10350,10004,346,3.3,10237,9984,253,2.5
"1567","29197",2010,1927,83,4.1,1958,1875,83,4.2,1898,1787,111,5.8,1830,1755,75,4.1,1801,1747,54,3
"1568","29199",2389,2321,68,2.8,2354,2283,71,3,2376,2298,78,3.3,2308,2250,58,2.5,2258,2210,48,2.1
"1569","29201",20030,19339,691,3.4,19824,19137,687,3.5,19850,18790,1060,5.3,20040,19308,732,3.7,19920,19446,474,2.4
"1570","29203",3237,3074,163,5,3229,3054,175,5.4,3345,3102,243,7.3,3335,3159,176,5.3,3266,3147,119,3.6
"1571","29205",3020,2926,94,3.1,3026,2939,87,2.9,3029,2893,136,4.5,2970,2877,93,3.1,2931,2863,68,2.3
"1572","29207",13077,12493,584,4.5,13012,12412,600,4.6,13188,12411,777,5.9,13213,12658,555,4.2,13052,12673,379,2.9
"1573","29209",13716,13067,649,4.7,13834,13161,673,4.9,13157,11891,1266,9.6,13435,12607,828,6.2,13346,12844,502,3.8
"1574","29211",2795,2706,89,3.2,2655,2564,91,3.4,2752,2633,119,4.3,2632,2512,120,4.6,2520,2450,70,2.8
"1575","29213",26926,25512,1414,5.3,26943,25580,1363,5.1,25992,22675,3317,12.8,25903,24089,1814,7,25648,24616,1032,4
"1576","29215",9021,8652,369,4.1,8892,8501,391,4.4,8939,8421,518,5.8,8952,8569,383,4.3,8993,8726,267,3
"1577","29217",9560,9256,304,3.2,9407,9082,325,3.5,9389,8975,414,4.4,9316,9015,301,3.2,9066,8839,227,2.5
"1578","29219",17750,17249,501,2.8,18473,17952,521,2.8,18541,17482,1059,5.7,18666,17942,724,3.9,18801,18335,466,2.5
"1579","29221",10201,9744,457,4.5,10183,9734,449,4.4,10079,9353,726,7.2,10027,9546,481,4.8,10059,9738,321,3.2
"1580","29223",5335,5077,258,4.8,5229,4981,248,4.7,5018,4709,309,6.2,4822,4596,226,4.7,4731,4563,168,3.6
"1581","29225",16961,16430,531,3.1,17336,16729,607,3.5,17199,16277,922,5.4,17407,16846,561,3.2,17627,17241,386,2.2
"1582","29227",1191,1157,34,2.9,1154,1123,31,2.7,1170,1122,48,4.1,1167,1139,28,2.4,1138,1116,22,1.9
"1583","29229",7419,7107,312,4.2,7403,7021,382,5.2,7378,6863,515,7,7551,7264,287,3.8,7549,7343,206,2.7
"1584","29510",151027,145147,5880,3.9,152115,146333,5782,3.8,150138,137017,13121,8.7,149707,140933,8774,5.9,149069,144444,4625,3.1
"1585","30001",5093,4934,159,3.1,5194,5042,152,2.9,5110,4907,203,4,5150,5006,144,2.8,5378,5253,125,2.3
"1586","30003",5157,4662,495,9.6,4959,4593,366,7.4,4890,4537,353,7.2,4694,4340,354,7.5,4716,4509,207,4.4
"1587","30005",2322,2221,101,4.3,2321,2231,90,3.9,2280,2172,108,4.7,2244,2157,87,3.9,2223,2153,70,3.1
"1588","30007",2654,2548,106,4,2648,2542,106,4,2662,2496,166,6.2,2676,2569,107,4,2798,2704,94,3.4
"1589","30009",5536,5340,196,3.5,5553,5360,193,3.5,5663,5330,333,5.9,5662,5467,195,3.4,5792,5639,153,2.6
"1590","30011",673,656,17,2.5,665,646,19,2.9,650,632,18,2.8,654,637,17,2.6,680,666,14,2.1
"1591","30013",38238,36858,1380,3.6,38558,37246,1312,3.4,38080,35854,2226,5.8,37898,36639,1259,3.3,39224,38192,1032,2.6
"1592","30015",2501,2426,75,3,2491,2423,68,2.7,2483,2388,95,3.8,2467,2399,68,2.8,2490,2433,57,2.3
"1593","30017",6139,5950,189,3.1,6150,5973,177,2.9,6253,5954,299,4.8,6268,6075,193,3.1,6415,6259,156,2.4
"1594","30019",893,874,19,2.1,897,879,18,2,894,869,25,2.8,873,856,17,1.9,884,867,17,1.9
"1595","30021",4681,4556,125,2.7,4673,4560,113,2.4,4693,4435,258,5.5,4529,4388,141,3.1,4572,4466,106,2.3
"1596","30023",5184,5000,184,3.5,5146,4981,165,3.2,5095,4838,257,5,5135,4968,167,3.3,5409,5276,133,2.5
"1597","30025",1714,1683,31,1.8,1725,1695,30,1.7,1658,1593,65,3.9,1625,1583,42,2.6,1663,1637,26,1.6
"1598","30027",5874,5658,216,3.7,6115,5922,193,3.2,5871,5607,264,4.5,5847,5654,193,3.3,5937,5769,168,2.8
"1599","30029",48346,46016,2330,4.8,48982,46672,2310,4.7,49971,46107,3864,7.7,51074,49012,2062,4,52636,51020,1616,3.1
"1600","30031",67581,65870,1711,2.5,70264,68656,1608,2.3,71221,67672,3549,5,74131,72341,1790,2.4,77887,76435,1452,1.9
"1601","30033",744,724,20,2.7,751,733,18,2.4,749,729,20,2.7,745,727,18,2.4,760,738,22,2.9
"1602","30035",5772,5322,450,7.8,5807,5371,436,7.5,5535,5001,534,9.6,5545,5167,378,6.8,5776,5490,286,5
"1603","30037",373,356,17,4.6,370,355,15,4.1,366,349,17,4.6,370,357,13,3.5,376,364,12,3.2
"1604","30039",1713,1622,91,5.3,1728,1631,97,5.6,1607,1478,129,8,1633,1560,73,4.5,1670,1606,64,3.8
"1605","30041",7761,7486,275,3.5,7795,7508,287,3.7,7645,7269,376,4.9,7561,7324,237,3.1,7580,7394,186,2.5
"1606","30043",5705,5486,219,3.8,5821,5626,195,3.3,5855,5559,296,5.1,5915,5722,193,3.3,6118,5963,155,2.5
"1607","30045",922,891,31,3.4,997,966,31,3.1,989,942,47,4.8,948,922,26,2.7,981,957,24,2.4
"1608","30047",13269,12702,567,4.3,13491,12918,573,4.2,13804,12957,847,6.1,14027,13490,537,3.8,14381,13945,436,3
"1609","30049",35795,34602,1193,3.3,36600,35501,1099,3,36902,35087,1815,4.9,37303,36188,1115,3,38748,37830,918,2.4
"1610","30051",970,946,24,2.5,959,935,24,2.5,977,950,27,2.8,986,963,23,2.3,983,960,23,2.3
"1611","30053",8164,7560,604,7.4,8238,7636,602,7.3,8153,7336,817,10,8179,7700,479,5.9,8684,8270,414,4.8
"1612","30055",977,959,18,1.8,965,946,19,2,963,936,27,2.8,975,957,18,1.8,978,960,18,1.8
"1613","30057",4626,4460,166,3.6,4848,4692,156,3.2,4705,4471,234,5,4799,4647,152,3.2,5234,5118,116,2.2
"1614","30059",967,930,37,3.8,973,939,34,3.5,964,919,45,4.7,991,966,25,2.5,1016,993,23,2.3
"1615","30061",1738,1613,125,7.2,1796,1693,103,5.7,1796,1616,180,10,1878,1778,100,5.3,1863,1768,95,5.1
"1616","30063",63895,61765,2130,3.3,65029,62929,2100,3.2,64821,60791,4030,6.2,65056,62859,2197,3.4,66910,65147,1763,2.6
"1617","30065",2308,2209,99,4.3,2309,2220,89,3.9,2350,2208,142,6,2353,2254,99,4.2,2356,2288,68,2.9
"1618","30067",8941,8598,343,3.8,9096,8785,311,3.4,9050,8385,665,7.3,9274,8945,329,3.5,10039,9766,273,2.7
"1619","30069",285,273,12,4.2,271,261,10,3.7,272,263,9,3.3,272,264,8,2.9,271,263,8,3
"1620","30071",1924,1837,87,4.5,1907,1836,71,3.7,1903,1811,92,4.8,1854,1784,70,3.8,1829,1762,67,3.7
"1621","30073",2746,2636,110,4,2718,2616,102,3.8,2683,2553,130,4.8,2643,2558,85,3.2,2631,2563,68,2.6
"1622","30075",978,950,28,2.9,970,948,22,2.3,969,939,30,3.1,982,956,26,2.6,1004,982,22,2.2
"1623","30077",2950,2827,123,4.2,3006,2896,110,3.7,2940,2804,136,4.6,2965,2887,78,2.6,2959,2881,78,2.6
"1624","30079",492,474,18,3.7,482,464,18,3.7,474,442,32,6.8,492,474,18,3.7,496,481,15,3
"1625","30081",20170,19322,848,4.2,20647,19803,844,4.1,20936,19741,1195,5.7,21363,20590,773,3.6,21908,21286,622,2.8
"1626","30083",5945,5762,183,3.1,5968,5810,158,2.6,5995,5612,383,6.4,5870,5636,234,4,5826,5673,153,2.6
"1627","30085",4520,4314,206,4.6,4580,4383,197,4.3,4470,4204,266,6,4348,4165,183,4.2,4365,4214,151,3.5
"1628","30087",3908,3702,206,5.3,3886,3690,196,5,3758,3548,210,5.6,3593,3450,143,4,3625,3500,125,3.4
"1629","30089",4835,4526,309,6.4,4969,4675,294,5.9,5112,4718,394,7.7,5235,4983,252,4.8,5426,5193,233,4.3
"1630","30091",1777,1736,41,2.3,1763,1724,39,2.2,1772,1687,85,4.8,1787,1728,59,3.3,1765,1731,34,1.9
"1631","30093",17434,16731,703,4,17505,16841,664,3.8,17445,16305,1140,6.5,17553,16915,638,3.6,17882,17366,516,2.9
"1632","30095",4997,4826,171,3.4,5308,5142,166,3.1,5398,5127,271,5,5506,5347,159,2.9,5469,5346,123,2.2
"1633","30097",1795,1740,55,3.1,1838,1787,51,2.8,1866,1800,66,3.5,1906,1861,45,2.4,1924,1885,39,2
"1634","30099",2728,2636,92,3.4,2794,2702,92,3.3,2803,2683,120,4.3,2811,2722,89,3.2,2809,2734,75,2.7
"1635","30101",2153,2098,55,2.6,2150,2099,51,2.4,2160,2054,106,4.9,2057,2003,54,2.6,2103,2061,42,2
"1636","30103",337,327,10,3,345,336,9,2.6,342,330,12,3.5,349,339,10,2.9,350,343,7,2
"1637","30105",4167,4040,127,3,4166,4035,131,3.1,4100,3925,175,4.3,4035,3908,127,3.1,4013,3913,100,2.5
"1638","30107",810,770,40,4.9,774,746,28,3.6,766,712,54,7,759,720,39,5.1,756,728,28,3.7
"1639","30109",471,454,17,3.6,460,447,13,2.8,453,430,23,5.1,428,413,15,3.5,450,439,11,2.4
"1640","30111",82499,79753,2746,3.3,83321,80639,2682,3.2,84020,79486,4534,5.4,84284,81608,2676,3.2,86774,84667,2107,2.4
"1641","31001",16774,16275,499,3,17018,16463,555,3.3,17091,16397,694,4.1,16979,16545,434,2.6,17316,16930,386,2.2
"1642","31003",3612,3523,89,2.5,3640,3546,94,2.6,3944,3855,89,2.3,3690,3624,66,1.8,3689,3618,71,1.9
"1643","31005",223,212,11,4.9,231,218,13,5.6,234,222,12,5.1,236,229,7,3,234,229,5,2.1
"1644","31007",384,370,14,3.6,386,371,15,3.9,394,382,12,3,389,380,9,2.3,391,379,12,3.1
"1645","31009",264,252,12,4.5,259,246,13,5,256,247,9,3.5,249,242,7,2.8,253,243,10,4
"1646","31011",2949,2881,68,2.3,3002,2918,84,2.8,2963,2887,76,2.6,2954,2903,51,1.7,3040,2984,56,1.8
"1647","31013",5470,5312,158,2.9,5488,5309,179,3.3,5426,5165,261,4.8,5484,5339,145,2.6,5355,5227,128,2.4
"1648","31015",1090,1057,33,3,1093,1056,37,3.4,1061,1030,31,2.9,1034,1012,22,2.1,1040,1016,24,2.3
"1649","31017",1406,1358,48,3.4,1417,1365,52,3.7,1426,1386,40,2.8,1434,1399,35,2.4,1440,1402,38,2.6
"1650","31019",28068,27388,680,2.4,28233,27477,756,2.7,27954,26821,1133,4.1,28135,27529,606,2.2,28488,27922,566,2
"1651","31021",3507,3386,121,3.5,3547,3424,123,3.5,3607,3465,142,3.9,3611,3516,95,2.6,3598,3513,85,2.4
"1652","31023",4602,4492,110,2.4,4684,4560,124,2.6,4639,4479,160,3.4,4702,4592,110,2.3,4748,4661,87,1.8
"1653","31025",13494,13077,417,3.1,13727,13253,474,3.5,13524,12925,599,4.4,13568,13179,389,2.9,13726,13389,337,2.5
"1654","31027",4526,4419,107,2.4,4586,4469,117,2.6,4577,4451,126,2.8,4660,4570,90,1.9,4681,4592,89,1.9
"1655","31029",2304,2252,52,2.3,2306,2253,53,2.3,2295,2254,41,1.8,2252,2213,39,1.7,2292,2250,42,1.8
"1656","31031",3376,3301,75,2.2,3414,3331,83,2.4,3410,3325,85,2.5,3467,3409,58,1.7,3403,3342,61,1.8
"1657","31033",4756,4620,136,2.9,4448,4283,165,3.7,4303,4110,193,4.5,4264,4136,128,3,4266,4158,108,2.5
"1658","31035",3290,3184,106,3.2,3342,3233,109,3.3,3314,3204,110,3.3,3265,3184,81,2.5,3129,3055,74,2.4
"1659","31037",5659,5519,140,2.5,5664,5508,156,2.8,5694,5527,167,2.9,5721,5603,118,2.1,5781,5667,114,2
"1660","31039",4747,4626,121,2.5,4813,4685,128,2.7,4905,4779,126,2.6,4935,4846,89,1.8,4908,4814,94,1.9
"1661","31041",6500,6358,142,2.2,6501,6343,158,2.4,6448,6270,178,2.8,6413,6303,110,1.7,6405,6295,110,1.7
"1662","31043",10810,10416,394,3.6,10892,10459,433,4,10758,10233,525,4.9,10842,10488,354,3.3,11067,10753,314,2.8
"1663","31045",5082,4944,138,2.7,5057,4910,147,2.9,5001,4860,141,2.8,5025,4922,103,2,5034,4927,107,2.1
"1664","31047",13097,12722,375,2.9,13263,12857,406,3.1,13495,13027,468,3.5,13568,13257,311,2.3,13733,13396,337,2.5
"1665","31049",972,943,29,3,969,939,30,3.1,970,939,31,3.2,978,956,22,2.2,1036,1011,25,2.4
"1666","31051",3048,2953,95,3.1,3035,2940,95,3.1,2967,2868,99,3.3,2989,2920,69,2.3,3056,2990,66,2.2
"1667","31053",19647,19086,561,2.9,19921,19327,594,3,20373,19648,725,3.6,20501,19986,515,2.5,20844,20392,452,2.2
"1668","31055",298402,288862,9540,3.2,304224,294008,10216,3.4,303610,287965,15645,5.2,303668,293892,9776,3.2,306992,298826,8166,2.7
"1669","31057",1164,1138,26,2.2,1169,1139,30,2.6,1171,1145,26,2.2,1167,1147,20,1.7,1187,1168,19,1.6
"1670","31059",3184,3102,82,2.6,3211,3127,84,2.6,3213,3122,91,2.8,3303,3234,69,2.1,3363,3299,64,1.9
"1671","31061",1492,1445,47,3.2,1503,1452,51,3.4,1485,1434,51,3.4,1502,1468,34,2.3,1551,1515,36,2.3
"1672","31063",1532,1492,40,2.6,1635,1581,54,3.3,1561,1515,46,2.9,1575,1546,29,1.8,1523,1490,33,2.2
"1673","31065",2657,2587,70,2.6,2618,2544,74,2.8,2624,2551,73,2.8,2590,2537,53,2,2558,2507,51,2
"1674","31067",11072,10712,360,3.3,11174,10769,405,3.6,11012,10564,448,4.1,10953,10666,287,2.6,10922,10643,279,2.6
"1675","31069",1198,1168,30,2.5,1110,1077,33,3,1085,1046,39,3.6,1120,1096,24,2.1,1126,1103,23,2
"1676","31071",1178,1149,29,2.5,1166,1134,32,2.7,1165,1141,24,2.1,1152,1128,24,2.1,1150,1126,24,2.1
"1677","31073",1071,1043,28,2.6,1114,1084,30,2.7,1116,1087,29,2.6,1207,1186,21,1.7,1216,1192,24,2
"1678","31075",424,413,11,2.6,415,404,11,2.7,421,413,8,1.9,426,420,6,1.4,421,414,7,1.7
"1679","31077",1227,1194,33,2.7,1242,1204,38,3.1,1243,1206,37,3,1231,1207,24,1.9,1252,1226,26,2.1
"1680","31079",32272,31222,1050,3.3,32384,31219,1165,3.6,32357,30464,1893,5.9,32613,31608,1005,3.1,32993,32188,805,2.4
"1681","31081",4803,4681,122,2.5,4879,4728,151,3.1,4795,4614,181,3.8,4870,4760,110,2.3,4948,4844,104,2.1
"1682","31083",1792,1749,43,2.4,1805,1753,52,2.9,1759,1708,51,2.9,1794,1758,36,2,1835,1800,35,1.9
"1683","31085",606,593,13,2.1,626,609,17,2.7,636,621,15,2.4,615,605,10,1.6,600,590,10,1.7
"1684","31087",1271,1227,44,3.5,1278,1234,44,3.4,1327,1280,47,3.5,1325,1294,31,2.3,1313,1281,32,2.4
"1685","31089",5814,5662,152,2.6,5814,5661,153,2.6,5787,5643,144,2.5,5721,5613,108,1.9,5722,5614,108,1.9
"1686","31091",406,391,15,3.7,425,412,13,3.1,411,400,11,2.7,426,419,7,1.6,409,398,11,2.7
"1687","31093",3394,3288,106,3.1,3417,3294,123,3.6,3416,3265,151,4.4,3449,3369,80,2.3,3507,3432,75,2.1
"1688","31095",4205,4098,107,2.5,4204,4087,117,2.8,4250,4132,118,2.8,4213,4131,82,1.9,4214,4132,82,1.9
"1689","31097",2099,2023,76,3.6,2090,2017,73,3.5,2085,2002,83,4,2014,1952,62,3.1,2027,1969,58,2.9
"1690","31099",3803,3722,81,2.1,3841,3753,88,2.3,3854,3728,126,3.3,3840,3766,74,1.9,3767,3696,71,1.9
"1691","31101",4604,4462,142,3.1,4676,4521,155,3.3,4682,4530,152,3.2,4685,4583,102,2.2,4732,4643,89,1.9
"1692","31103",602,588,14,2.3,595,579,16,2.7,586,573,13,2.2,587,577,10,1.7,557,545,12,2.2
"1693","31105",2044,1988,56,2.7,2056,1993,63,3.1,1993,1921,72,3.6,1962,1915,47,2.4,1965,1928,37,1.9
"1694","31107",4690,4542,148,3.2,4672,4529,143,3.1,4704,4560,144,3.1,4698,4594,104,2.2,4700,4592,108,2.3
"1695","31109",176934,172258,4676,2.6,179931,174823,5108,2.8,179050,171373,7677,4.3,178718,174040,4678,2.6,180363,176382,3981,2.2
"1696","31111",18526,17955,571,3.1,18587,17932,655,3.5,18600,17857,743,4,18611,18170,441,2.4,18514,18101,413,2.2
"1697","31113",471,457,14,3,479,464,15,3.1,477,465,12,2.5,473,464,9,1.9,489,478,11,2.2
"1698","31115",403,390,13,3.2,422,404,18,4.3,410,397,13,3.2,406,397,9,2.2,415,404,11,2.7
"1699","31117",447,435,12,2.7,452,440,12,2.7,444,433,11,2.5,434,426,8,1.8,437,429,8,1.8
"1700","31119",19709,19198,511,2.6,20112,19538,574,2.9,19889,19111,778,3.9,20034,19517,517,2.6,19973,19548,425,2.1
"1701","31121",4050,3933,117,2.9,4100,3965,135,3.3,4097,3933,164,4,4160,4056,104,2.5,4214,4131,83,2
"1702","31123",2615,2543,72,2.8,2642,2565,77,2.9,2648,2552,96,3.6,2650,2581,69,2.6,2675,2618,57,2.1
"1703","31125",2036,1985,51,2.5,2013,1950,63,3.1,1982,1917,65,3.3,1965,1925,40,2,1973,1932,41,2.1
"1704","31127",3656,3527,129,3.5,3677,3540,137,3.7,3637,3505,132,3.6,3657,3570,87,2.4,3646,3560,86,2.4
"1705","31129",2408,2341,67,2.8,2430,2362,68,2.8,2485,2417,68,2.7,2494,2444,50,2,2514,2459,55,2.2
"1706","31131",8262,8019,243,2.9,8535,8257,278,3.3,8479,8173,306,3.6,8587,8374,213,2.5,8625,8427,198,2.3
"1707","31133",1491,1452,39,2.6,1496,1453,43,2.9,1508,1467,41,2.7,1529,1499,30,2,1500,1467,33,2.2
"1708","31135",1841,1804,37,2,1844,1802,42,2.3,1866,1831,35,1.9,1869,1842,27,1.4,1879,1847,32,1.7
"1709","31137",4948,4833,115,2.3,5046,4910,136,2.7,5027,4876,151,3,4977,4883,94,1.9,5037,4937,100,2
"1710","31139",4149,4037,112,2.7,4159,4045,114,2.7,4191,4052,139,3.3,4187,4090,97,2.3,4234,4151,83,2
"1711","31141",17629,17145,484,2.7,17945,17407,538,3,18004,17330,674,3.7,18308,17885,423,2.3,18600,18208,392,2.1
"1712","31143",2930,2859,71,2.4,2963,2879,84,2.8,2955,2865,90,3,2950,2891,59,2,2925,2866,59,2
"1713","31145",5904,5761,143,2.4,5936,5772,164,2.8,5906,5711,195,3.3,5884,5757,127,2.2,5961,5842,119,2
"1714","31147",4291,4158,133,3.1,4303,4163,140,3.3,4253,4112,141,3.3,4278,4168,110,2.6,4198,4110,88,2.1
"1715","31149",898,876,22,2.4,883,856,27,3.1,891,872,19,2.1,884,871,13,1.5,909,894,15,1.7
"1716","31151",7521,7288,233,3.1,7494,7244,250,3.3,7402,7131,271,3.7,7303,7121,182,2.5,7247,7060,187,2.6
"1717","31153",96163,93489,2674,2.8,98741,95814,2927,3,98253,94178,4075,4.1,98614,96096,2518,2.6,100026,97756,2270,2.3
"1718","31155",11144,10827,317,2.8,11405,11079,326,2.9,11423,10999,424,3.7,11493,11218,275,2.4,11611,11370,241,2.1
"1719","31157",18626,18005,621,3.3,18526,17828,698,3.8,18347,17570,777,4.2,18201,17666,535,2.9,18056,17580,476,2.6
"1720","31159",8909,8671,238,2.7,9008,8737,271,3,8880,8509,371,4.2,8860,8624,236,2.7,8924,8726,198,2.2
"1721","31161",2710,2640,70,2.6,2715,2638,77,2.8,2743,2676,67,2.4,2762,2708,54,2,2810,2753,57,2
"1722","31163",1714,1668,46,2.7,1700,1644,56,3.3,1683,1629,54,3.2,1696,1658,38,2.2,1670,1632,38,2.3
"1723","31165",750,730,20,2.7,753,732,21,2.8,770,752,18,2.3,771,756,15,1.9,773,758,15,1.9
"1724","31167",3524,3434,90,2.6,3560,3466,94,2.6,3569,3448,121,3.4,3615,3533,82,2.3,3587,3514,73,2
"1725","31169",2888,2821,67,2.3,2821,2746,75,2.7,2798,2720,78,2.8,2712,2663,49,1.8,2727,2675,52,1.9
"1726","31171",442,429,13,2.9,433,417,16,3.7,432,414,18,4.2,435,423,12,2.8,459,447,12,2.6
"1727","31173",3013,2887,126,4.2,3091,2948,143,4.6,3138,2973,165,5.3,3217,3102,115,3.6,3287,3176,111,3.4
"1728","31175",2107,2044,63,3,2160,2089,71,3.3,2148,2086,62,2.9,2121,2073,48,2.3,2134,2087,47,2.2
"1729","31177",11243,10917,326,2.9,11399,11060,339,3,11306,10887,419,3.7,11371,11090,281,2.5,11530,11281,249,2.2
"1730","31179",5759,5614,145,2.5,5847,5690,157,2.7,5732,5568,164,2.9,5752,5633,119,2.1,5771,5646,125,2.2
"1731","31181",1667,1618,49,2.9,1695,1636,59,3.5,1669,1606,63,3.8,1661,1625,36,2.2,1694,1652,42,2.5
"1732","31183",580,566,14,2.4,575,559,16,2.8,571,560,11,1.9,557,550,7,1.3,565,556,9,1.6
"1733","31185",7393,7203,190,2.6,7403,7202,201,2.7,7351,7101,250,3.4,7343,7189,154,2.1,7479,7319,160,2.1
"1734","32001",10959,10542,417,3.8,11097,10684,413,3.7,11084,10438,646,5.8,11059,10687,372,3.4,10906,10515,391,3.6
"1735","32003",1095346,1045014,50332,4.6,1134950,1086341,48609,4.3,1106764,935250,171514,15.5,1097343,1010123,87220,7.9,1143945,1075282,68663,6
"1736","32005",22776,21827,949,4.2,23286,22326,960,4.1,22186,20182,2004,9,21879,20927,952,4.4,22138,21253,885,4
"1737","32007",27295,26454,841,3.1,27395,26542,853,3.1,26189,24614,1575,6,25634,24825,809,3.2,25543,24715,828,3.2
"1738","32009",421,401,20,4.8,462,444,18,3.9,418,396,22,5.3,422,407,15,3.6,409,394,15,3.7
"1739","32011",1088,1061,27,2.5,1101,1074,27,2.5,1023,986,37,3.6,1047,1022,25,2.4,999,970,29,2.9
"1740","32013",8016,7750,266,3.3,8359,8105,254,3,8030,7623,407,5.1,8123,7859,264,3.3,7739,7482,257,3.3
"1741","32015",3125,3016,109,3.5,3244,3137,107,3.3,3138,2982,156,5,3141,3033,108,3.4,3004,2903,101,3.4
"1742","32017",2052,1964,88,4.3,2142,2055,87,4.1,2032,1927,105,5.2,2123,2055,68,3.2,2029,1949,80,3.9
"1743","32019",22199,21027,1172,5.3,23283,22112,1171,5,22722,20671,2051,9,23278,22122,1156,5,23476,22330,1146,4.9
"1744","32021",1959,1859,100,5.1,2094,2009,85,4.1,2114,1990,124,5.9,2048,1973,75,3.7,1967,1887,80,4.1
"1745","32023",16602,15680,922,5.6,17361,16423,938,5.4,17429,15645,1784,10.2,17116,16108,1008,5.9,17427,16431,996,5.7
"1746","32027",2564,2461,103,4,2616,2508,108,4.1,2569,2442,127,4.9,2594,2509,85,3.3,2475,2385,90,3.6
"1747","32029",1979,1895,84,4.2,2060,1979,81,3.9,2017,1843,174,8.6,2042,1952,90,4.4,2086,2003,83,4
"1748","32031",248220,239563,8657,3.5,255919,247198,8721,3.4,248708,228218,20490,8.2,251733,241420,10313,4.1,256072,247203,8869,3.5
"1749","32033",4552,4391,161,3.5,4684,4538,146,3.1,4557,4361,196,4.3,4588,4457,131,2.9,4468,4331,137,3.1
"1750","32510",25544,24382,1162,4.5,26262,25173,1089,4.1,25655,23423,2232,8.7,25331,24173,1158,4.6,25180,24181,999,4
"1751","33001",31577,30753,824,2.6,31858,31049,809,2.5,31092,28930,2162,7,31059,29946,1113,3.6,31110,30324,786,2.5
"1752","33003",23941,23313,628,2.6,24209,23590,619,2.6,23115,21341,1774,7.7,23217,22356,861,3.7,23355,22742,613,2.6
"1753","33005",41139,40059,1080,2.6,41075,39998,1077,2.6,39813,37360,2453,6.2,39506,38033,1473,3.7,39369,38308,1061,2.7
"1754","33007",14739,14251,488,3.3,14849,14374,475,3.2,14305,13172,1133,7.9,14349,13734,615,4.3,14420,13938,482,3.3
"1755","33009",49858,48780,1078,2.2,50039,48925,1114,2.2,48134,45316,2818,5.9,48466,46900,1566,3.2,48935,47799,1136,2.3
"1756","33011",240520,233979,6541,2.7,245015,238537,6478,2.6,241174,224360,16814,7,237396,229102,8294,3.5,241297,235077,6220,2.6
"1757","33013",83804,81880,1924,2.3,84575,82652,1923,2.3,82841,78027,4814,5.8,81529,78985,2544,3.1,82627,80740,1887,2.3
"1758","33015",187198,181850,5348,2.9,190348,185141,5207,2.7,186995,173837,13158,7,185310,179102,6208,3.4,188661,183774,4887,2.6
"1759","33017",74301,72541,1760,2.4,75191,73411,1780,2.4,73620,69004,4616,6.3,73061,70730,2331,3.2,74084,72366,1718,2.3
"1760","33019",23391,22878,513,2.2,23379,22840,539,2.3,23048,21800,1248,5.4,22970,22232,738,3.2,22816,22274,542,2.4
"1761","34001",123186,116150,7036,5.7,125970,119780,6190,4.9,124023,102850,21173,17.1,122443,110426,12017,9.8,122846,116536,6310,5.1
"1762","34003",493328,477030,16298,3.3,502296,488074,14222,2.8,495140,449744,45396,9.2,494034,462974,31060,6.3,504149,487246,16903,3.4
"1763","34005",236035,227445,8590,3.6,240757,233093,7664,3.2,239790,220858,18932,7.9,242415,228857,13558,5.6,247859,239613,8246,3.3
"1764","34007",259331,247693,11638,4.5,263859,253460,10399,3.9,265237,239598,25639,9.7,266980,248194,18786,7,270737,259883,10854,4
"1765","34009",47186,43315,3871,8.2,47723,44383,3340,7,45902,39611,6291,13.7,47274,42925,4349,9.2,47294,44225,3069,6.5
"1766","34011",66997,62807,4190,6.3,67906,64292,3614,5.3,68696,61577,7119,10.4,68933,63428,5505,8,69282,65773,3509,5.1
"1767","34013",379801,360864,18937,5,386078,369373,16705,4.3,388321,344710,43611,11.2,386907,354945,31962,8.3,388106,370619,17487,4.5
"1768","34015",153381,147109,6272,4.1,156454,150862,5592,3.6,157268,143282,13986,8.9,158400,148428,9972,6.3,161341,155427,5914,3.7
"1769","34017",369966,356140,13826,3.7,376142,364173,11969,3.2,373507,335570,37937,10.2,371485,345305,26180,7,377212,363531,13681,3.6
"1770","34019",66236,64179,2057,3.1,67447,65656,1791,2.7,65980,61425,4555,6.9,66538,63325,3213,4.8,68083,66102,1981,2.9
"1771","34021",206507,199278,7229,3.5,211808,205315,6493,3.1,211802,196545,15257,7.2,212695,201071,11624,5.5,216475,209584,6891,3.2
"1772","34023",449386,433574,15812,3.5,455419,441596,13823,3,447575,409642,37933,8.5,453523,426211,27312,6,462728,447235,15493,3.3
"1773","34025",336277,324335,11942,3.6,341346,330796,10550,3.1,337006,308222,28784,8.5,340808,320957,19851,5.8,347991,336497,11494,3.3
"1774","34027",263771,255475,8296,3.1,267808,260524,7284,2.7,261858,242323,19535,7.5,263377,249549,13828,5.3,268713,260558,8155,3
"1775","34029",281631,270013,11618,4.1,289325,279014,10311,3.6,289547,263207,26340,9.1,292423,274068,18355,6.3,298372,287322,11050,3.7
"1776","34031",248466,236218,12248,4.9,252808,242201,10607,4.2,253441,222723,30718,12.1,250793,229185,21608,8.6,252876,241305,11571,4.6
"1777","34033",29849,28269,1580,5.3,30428,28998,1430,4.7,30636,27807,2829,9.2,30533,28202,2331,7.6,30578,29170,1408,4.6
"1778","34035",176037,170209,5828,3.3,178462,173269,5193,2.9,174553,161515,13038,7.5,175699,166299,9400,5.4,179242,173670,5572,3.1
"1779","34037",75987,73100,2887,3.8,77360,74785,2575,3.3,76375,69482,6893,9,76360,71607,4753,6.2,77612,74747,2865,3.7
"1780","34039",284399,272612,11787,4.1,288808,278481,10327,3.6,286019,258755,27264,9.5,286173,266350,19823,6.9,289390,278184,11206,3.9
"1781","34041",57033,54899,2134,3.7,58064,56170,1894,3.3,57652,52942,4710,8.2,58320,54913,3407,5.8,58921,56887,2034,3.5
"1782","35001",330538,315673,14865,4.5,334206,319073,15133,4.5,327380,302607,24773,7.6,334317,312649,21668,6.5,336801,324606,12195,3.6
"1783","35003",1121,1050,71,6.3,1139,1066,73,6.4,1141,1061,80,7,1176,1098,78,6.6,1136,1078,58,5.1
"1784","35005",27248,25930,1318,4.8,27376,26022,1354,4.9,27511,25403,2108,7.7,27887,25847,2040,7.3,27668,26493,1175,4.2
"1785","35006",8961,8405,556,6.2,9008,8434,574,6.4,8935,8153,782,8.8,8761,7909,852,9.7,8170,7723,447,5.5
"1786","35007",5520,5251,269,4.9,5515,5254,261,4.7,5078,4736,342,6.7,5531,5181,350,6.3,5348,5140,208,3.9
"1787","35009",21686,20817,869,4,21693,20784,909,4.2,21840,20708,1132,5.2,22221,21064,1157,5.2,22286,21568,718,3.2
"1788","35011",768,734,34,4.4,791,757,34,4.3,693,661,32,4.6,688,651,37,5.4,731,706,25,3.4
"1789","35013",96870,91379,5491,5.7,98150,92470,5680,5.8,96552,89002,7550,7.8,98555,91732,6823,6.9,99532,95167,4365,4.4
"1790","35015",31676,30625,1051,3.3,34563,33474,1089,3.2,32941,30804,2137,6.5,31515,29423,2092,6.6,31434,30394,1040,3.3
"1791","35017",12341,11747,594,4.8,12236,11642,594,4.9,11732,10741,991,8.4,11468,10605,863,7.5,11572,11096,476,4.1
"1792","35019",1627,1538,89,5.5,1569,1485,84,5.4,1488,1393,95,6.4,1603,1485,118,7.4,1473,1391,82,5.6
"1793","35021",278,264,14,5,268,256,12,4.5,275,264,11,4,281,267,14,5,283,273,10,3.5
"1794","35023",2220,2136,84,3.8,2090,2000,90,4.3,1907,1802,105,5.5,1890,1782,108,5.7,1893,1829,64,3.4
"1795","35025",30099,28857,1242,4.1,31302,30032,1270,4.1,28946,25925,3021,10.4,28006,25266,2740,9.8,29083,27800,1283,4.4
"1796","35027",8749,8352,397,4.5,9021,8599,422,4.7,8648,7912,736,8.5,8783,8099,684,7.8,8833,8478,355,4
"1797","35028",9139,8829,310,3.4,9580,9269,311,3.2,9762,9416,346,3.5,10021,9698,323,3.2,10637,10405,232,2.2
"1798","35029",10182,8980,1202,11.8,10389,9107,1282,12.3,10134,8578,1556,15.4,10151,8601,1550,15.3,9832,8856,976,9.9
"1799","35031",23911,22220,1691,7.1,24250,22525,1725,7.1,23506,21205,2301,9.8,23326,21004,2322,10,22791,21495,1296,5.7
"1800","35033",2284,2146,138,6,2222,2086,136,6.1,2025,1870,155,7.7,1993,1861,132,6.6,1948,1841,107,5.5
"1801","35035",24776,23561,1215,4.9,24941,23684,1257,5,25123,23135,1988,7.9,25288,23553,1735,6.9,25252,24214,1038,4.1
"1802","35037",3224,3070,154,4.8,3222,3051,171,5.3,3024,2811,213,7,2951,2732,219,7.4,2969,2840,129,4.3
"1803","35039",16680,15815,865,5.2,16786,15885,901,5.4,16420,15162,1258,7.7,16503,15286,1217,7.4,16518,15800,718,4.3
"1804","35041",7854,7514,340,4.3,7874,7516,358,4.5,7798,7344,454,5.8,7866,7400,466,5.9,7930,7630,300,3.8
"1805","35043",65847,62604,3243,4.9,67201,63907,3294,4.9,66308,61035,5273,8,67714,63060,4654,6.9,68055,65476,2579,3.8
"1806","35045",52451,49438,3013,5.7,52067,49048,3019,5.8,49792,45122,4670,9.4,49233,45113,4120,8.4,49295,47017,2278,4.6
"1807","35047",10956,10310,646,5.9,10797,10163,634,5.9,10387,9582,805,7.8,10358,9566,792,7.6,10281,9773,508,4.9
"1808","35049",74430,71354,3076,4.1,73889,70858,3031,4.1,70745,65310,5435,7.7,72373,67706,4667,6.4,72319,69720,2599,3.6
"1809","35051",4107,3821,286,7,3925,3659,266,6.8,4052,3698,354,8.7,4099,3755,344,8.4,3957,3723,234,5.9
"1810","35053",6469,6129,340,5.3,6463,6081,382,5.9,6134,5724,410,6.7,6200,5788,412,6.6,6149,5885,264,4.3
"1811","35055",15057,14082,975,6.5,15233,14303,930,6.1,14630,13038,1592,10.9,14744,13393,1351,9.2,14779,14056,723,4.9
"1812","35057",5632,5204,428,7.6,5662,5273,389,6.9,5298,4825,473,8.9,5412,4970,442,8.2,5440,5147,293,5.4
"1813","35059",1789,1730,59,3.3,1860,1795,65,3.5,1623,1545,78,4.8,1566,1495,71,4.5,1562,1517,45,2.9
"1814","35061",30447,28797,1650,5.4,30811,29147,1664,5.4,30094,27780,2314,7.7,30904,28694,2210,7.2,31067,29734,1333,4.3
"1815","36001",161009,155092,5917,3.7,161257,155650,5607,3.5,159996,148962,11034,6.9,158446,151431,7015,4.4,159594,154764,4830,3
"1816","36003",19908,18802,1106,5.6,19720,18685,1035,5.2,19498,17990,1508,7.7,19246,18277,969,5,19108,18337,771,4
"1817","36005",626880,591303,35577,5.7,625009,591519,33490,5.4,613416,515459,97957,16,614171,529675,84496,13.8,603694,556635,47059,7.8
"1818","36007",85989,81836,4153,4.8,85468,81608,3860,4.5,83823,76847,6976,8.3,82480,78148,4332,5.3,82307,79201,3106,3.8
"1819","36009",34788,32949,1839,5.3,34524,32857,1667,4.8,33819,30741,3078,9.1,33268,31500,1768,5.3,32844,31521,1323,4
"1820","36011",36770,35143,1627,4.4,36739,35239,1500,4.1,36232,33483,2749,7.6,35634,33943,1691,4.7,35580,34363,1217,3.4
"1821","36013",55981,53187,2794,5,55549,53048,2501,4.5,54130,49517,4613,8.5,53569,50589,2980,5.6,53318,51257,2061,3.9
"1822","36015",36132,34475,1657,4.6,36025,34590,1435,4,36122,33083,3039,8.4,34998,33159,1839,5.3,34832,33560,1272,3.7
"1823","36017",22816,21763,1053,4.6,22449,21494,955,4.3,22243,20770,1473,6.6,22037,21065,972,4.4,21872,21156,716,3.3
"1824","36019",37069,35456,1613,4.4,37070,35523,1547,4.2,36298,33521,2777,7.7,35644,33981,1663,4.7,35418,34236,1182,3.3
"1825","36021",31948,30894,1054,3.3,31904,30927,977,3.1,31049,29203,1846,5.9,30597,29418,1179,3.9,30539,29703,836,2.7
"1826","36023",23357,22176,1181,5.1,23469,22375,1094,4.7,22908,21148,1760,7.7,22562,21418,1144,5.1,22719,21863,856,3.8
"1827","36025",19497,18560,937,4.8,19466,18591,875,4.5,19065,17739,1326,7,18827,17934,893,4.7,18575,17895,680,3.7
"1828","36027",146811,141441,5370,3.7,148361,143255,5106,3.4,145395,134736,10659,7.3,144326,137869,6457,4.5,145231,140788,4443,3.1
"1829","36029",451898,432100,19798,4.4,453060,434669,18391,4.1,447675,406773,40902,9.1,442602,418604,23998,5.4,444485,428562,15923,3.6
"1830","36031",17423,16587,836,4.8,17409,16626,783,4.5,16947,15615,1332,7.9,16858,16052,806,4.8,16501,15910,591,3.6
"1831","36033",20029,19008,1021,5.1,19977,19033,944,4.7,19555,18002,1553,7.9,19312,18389,923,4.8,18961,18282,679,3.6
"1832","36035",23312,22133,1179,5.1,23087,21977,1110,4.8,23030,21130,1900,8.3,22548,21299,1249,5.5,22433,21548,885,3.9
"1833","36037",30386,29131,1255,4.1,30452,29312,1140,3.7,29683,27585,2098,7.1,29599,28326,1273,4.3,29695,28769,926,3.1
"1834","36039",21068,20116,952,4.5,20722,19836,886,4.3,20683,19034,1649,8,20463,19439,1024,5,20288,19572,716,3.5
"1835","36041",2339,2180,159,6.8,2268,2139,129,5.7,2204,2035,169,7.7,2221,2120,101,4.5,2197,2103,94,4.3
"1836","36043",28407,27020,1387,4.9,28587,27247,1340,4.7,28133,25919,2214,7.9,27700,26088,1612,5.8,27354,26285,1069,3.9
"1837","36045",45466,42953,2513,5.5,44950,42556,2394,5.3,44340,40621,3719,8.4,44090,41842,2248,5.1,44238,42464,1774,4
"1838","36047",1255597,1202531,53066,4.2,1253899,1203056,50843,4.1,1202973,1053548,149425,12.4,1207802,1083270,124532,10.3,1208843,1137876,70967,5.9
"1839","36049",11877,11223,654,5.5,11860,11232,628,5.3,11673,10804,869,7.4,11634,11043,591,5.1,11669,11202,467,4
"1840","36051",31367,30022,1345,4.3,31434,30159,1275,4.1,30427,28352,2075,6.8,30136,28816,1320,4.4,30331,29334,997,3.3
"1841","36053",33378,31795,1583,4.7,33675,32232,1443,4.3,33134,30638,2496,7.5,32577,31083,1494,4.6,32900,31794,1106,3.4
"1842","36055",369981,354328,15653,4.2,370978,356235,14743,4,367856,337779,30077,8.2,363970,345113,18857,5.2,365242,352688,12554,3.4
"1843","36057",22919,21745,1174,5.1,22801,21693,1108,4.9,22571,20672,1899,8.4,22158,20905,1253,5.7,22317,21420,897,4
"1844","36059",722192,696991,25201,3.5,727960,704146,23814,3.3,714431,657096,57335,8,716363,684207,32156,4.5,729471,708503,20968,2.9
"1845","36061",955490,920452,35038,3.7,962490,928926,33564,3.5,897177,812003,85174,9.5,905061,835020,70041,7.7,919101,876980,42121,4.6
"1846","36063",101214,95963,5251,5.2,100946,96169,4777,4.7,99782,89737,10045,10.1,97760,92250,5510,5.6,98124,94379,3745,3.8
"1847","36065",103140,98587,4553,4.4,104026,99783,4243,4.1,103011,94976,8035,7.8,100877,95724,5153,5.1,100117,96564,3553,3.5
"1848","36067",224664,215744,8920,4,225593,217112,8481,3.8,225537,207481,18056,8,222326,211362,10964,4.9,224277,216902,7375,3.3
"1849","36069",56602,54397,2205,3.9,56871,54766,2105,3.7,56020,52127,3893,6.9,55530,53141,2389,4.3,55909,54201,1708,3.1
"1850","36071",187615,180371,7244,3.9,191721,184795,6926,3.6,187690,172718,14972,8,186835,178023,8812,4.7,190481,184393,6088,3.2
"1851","36073",17921,17041,880,4.9,17944,17134,810,4.5,17455,16050,1405,8,17149,16258,891,5.2,17176,16531,645,3.8
"1852","36075",53896,50975,2921,5.4,53933,51128,2805,5.2,53257,48666,4591,8.6,52429,49530,2899,5.5,52915,50779,2136,4
"1853","36077",28653,27416,1237,4.3,28593,27433,1160,4.1,27225,25341,1884,6.9,27092,25871,1221,4.5,27070,26137,933,3.4
"1854","36079",52203,50294,1909,3.7,52374,50523,1851,3.5,51502,47794,3708,7.2,51101,48961,2140,4.2,51546,50033,1513,2.9
"1855","36081",1193446,1150486,42960,3.6,1189965,1148834,41131,3.5,1143255,1001408,141847,12.4,1140951,1029434,111517,9.8,1141061,1081470,59591,5.2
"1856","36083",82980,79777,3203,3.9,83111,80119,2992,3.6,82398,76864,5534,6.7,81726,78127,3599,4.4,82323,79811,2512,3.1
"1857","36085",232824,223288,9536,4.1,234704,225697,9007,3.8,221735,198512,23223,10.5,223987,203967,20020,8.9,227068,214589,12479,5.5
"1858","36087",157867,152043,5824,3.7,159731,154304,5427,3.4,156756,144690,12066,7.7,156366,149461,6905,4.4,159361,154822,4539,2.8
"1859","36089",44332,41870,2462,5.6,44129,41781,2348,5.3,43955,40501,3454,7.9,43453,41208,2245,5.2,42939,41172,1767,4.1
"1860","36091",121747,117491,4256,3.5,122310,118367,3943,3.2,122095,114247,7848,6.4,120739,116123,4616,3.8,121807,118577,3230,2.7
"1861","36093",77847,74748,3099,4,78250,75383,2867,3.7,78680,72622,6058,7.7,77664,73829,3835,4.9,78021,75444,2577,3.3
"1862","36095",14945,14229,716,4.8,15017,14350,667,4.4,14867,13854,1013,6.8,14693,14017,676,4.6,14798,14264,534,3.6
"1863","36097",8407,7980,427,5.1,8264,7898,366,4.4,8228,7544,684,8.3,8149,7746,403,4.9,8051,7755,296,3.7
"1864","36099",16447,15818,629,3.8,16343,15744,599,3.7,15606,14388,1218,7.8,15198,14477,721,4.7,14852,14375,477,3.2
"1865","36101",43549,41418,2131,4.9,43539,41637,1902,4.4,42899,39530,3369,7.9,41909,39810,2099,5,41353,39856,1497,3.6
"1866","36103",793691,763450,30241,3.8,798396,770183,28213,3.5,783518,719988,63530,8.1,785251,749254,35997,4.6,800832,775848,24984,3.1
"1867","36105",36724,35228,1496,4.1,37496,36079,1417,3.8,36673,33602,3071,8.4,36594,34800,1794,4.9,37373,36153,1220,3.3
"1868","36107",23373,22360,1013,4.3,23218,22298,920,4,22658,20957,1701,7.5,22266,21274,992,4.5,22261,21546,715,3.2
"1869","36109",51122,49287,1835,3.6,50489,48733,1756,3.5,49802,46903,2899,5.8,49783,47908,1875,3.8,50077,48687,1390,2.8
"1870","36111",90217,86721,3496,3.9,89940,86710,3230,3.6,87931,81165,6766,7.7,87347,83249,4098,4.7,87617,84853,2764,3.2
"1871","36113",32221,30734,1487,4.6,31943,30545,1398,4.4,31553,28988,2565,8.1,31306,29763,1543,4.9,31288,30212,1076,3.4
"1872","36115",28554,27376,1178,4.1,28559,27450,1109,3.9,27737,25816,1921,6.9,27635,26356,1279,4.6,27552,26662,890,3.2
"1873","36117",44739,42900,1839,4.1,44990,43264,1726,3.8,43813,40696,3117,7.1,43290,41339,1951,4.5,43492,42101,1391,3.2
"1874","36119",492703,473717,18986,3.9,498184,480302,17882,3.6,488596,449454,39142,8,487910,464437,23473,4.8,496415,480910,15505,3.1
"1875","36121",18363,17520,843,4.6,18543,17767,776,4.2,18284,16964,1320,7.2,18053,17234,819,4.5,17510,16899,611,3.5
"1876","36123",12044,11593,451,3.7,12223,11788,435,3.6,11844,11103,741,6.3,11650,11200,450,3.9,11671,11328,343,2.9
"1877","37001",79653,76607,3046,3.8,81616,78525,3091,3.8,78765,73185,5580,7.1,81023,77064,3959,4.9,83174,80087,3087,3.7
"1878","37003",17677,17108,569,3.2,17790,17206,584,3.3,17091,15826,1265,7.4,17375,16630,745,4.3,18058,17481,577,3.2
"1879","37005",4249,4055,194,4.6,4346,4143,203,4.7,4097,3802,295,7.2,4226,4026,200,4.7,4531,4356,175,3.9
"1880","37007",10263,9800,463,4.5,10613,10177,436,4.1,10083,9323,760,7.5,10083,9439,644,6.4,10260,9813,447,4.4
"1881","37009",12511,12055,456,3.6,12742,12278,464,3.6,12218,11465,753,6.2,12591,12078,513,4.1,12919,12482,437,3.4
"1882","37011",7485,7208,277,3.7,7451,7178,273,3.7,7080,6640,440,6.2,7348,7049,299,4.1,7747,7495,252,3.3
"1883","37013",19387,18485,902,4.7,19361,18485,876,4.5,18803,17630,1173,6.2,19444,18485,959,4.9,19905,19120,785,3.9
"1884","37015",7720,7335,385,5,7733,7370,363,4.7,7363,6901,462,6.3,7155,6722,433,6.1,7162,6813,349,4.9
"1885","37017",14164,13408,756,5.3,14422,13745,677,4.7,14030,13029,1001,7.1,14220,13385,835,5.9,14529,13899,630,4.3
"1886","37019",52390,49590,2800,5.3,54088,51274,2814,5.2,51687,47208,4479,8.7,53997,50708,3289,6.1,57304,54636,2668,4.7
"1887","37021",136934,132780,4154,3,139343,135189,4154,3,133240,122360,10880,8.2,136559,130767,5792,4.2,141963,137753,4210,3
"1888","37023",40231,38756,1475,3.7,40375,38882,1493,3.7,38527,35796,2731,7.1,39477,37656,1821,4.6,40970,39563,1407,3.4
"1889","37025",105489,101628,3861,3.7,108878,105001,3877,3.6,106953,99692,7261,6.8,110300,105406,4894,4.4,116057,112128,3929,3.4
"1890","37027",35852,34454,1398,3.9,36034,34590,1444,4,34525,31838,2687,7.8,35257,33497,1760,5,36492,35189,1303,3.6
"1891","37029",4636,4461,175,3.8,4661,4485,176,3.8,4437,4195,242,5.5,4511,4326,185,4.1,4689,4511,178,3.8
"1892","37031",31414,30039,1375,4.4,31780,30482,1298,4.1,30267,28400,1867,6.2,31133,29818,1315,4.2,32247,31131,1116,3.5
"1893","37033",9682,9250,432,4.5,9764,9331,433,4.4,9372,8657,715,7.6,9408,8899,509,5.4,9633,9244,389,4
"1894","37035",77500,74727,2773,3.6,78073,75290,2783,3.6,75617,69671,5946,7.9,76846,73221,3625,4.7,79678,76941,2737,3.4
"1895","37037",34585,33402,1183,3.4,35857,34658,1199,3.3,34890,33056,1834,5.3,35672,34339,1333,3.7,37436,36279,1157,3.1
"1896","37039",11102,10600,502,4.5,11109,10618,491,4.4,10633,9802,831,7.8,10586,10045,541,5.1,11127,10680,447,4
"1897","37041",5501,5254,247,4.5,5493,5242,251,4.6,5289,4971,318,6,5488,5210,278,5.1,5813,5581,232,4
"1898","37043",4062,3883,179,4.4,4109,3925,184,4.5,3966,3676,290,7.3,3958,3757,201,5.1,4190,4023,167,4
"1899","37045",47182,45294,1888,4,48179,46291,1888,3.9,47015,43390,3625,7.7,47678,45125,2553,5.4,49133,47245,1888,3.8
"1900","37047",22036,20925,1111,5,22556,21453,1103,4.9,21890,20147,1743,8,22322,20918,1404,6.3,23653,22648,1005,4.2
"1901","37049",40908,39159,1749,4.3,41244,39590,1654,4,39747,37192,2555,6.4,40946,39000,1946,4.8,42137,40585,1552,3.7
"1902","37051",125708,119142,6566,5.2,126717,120305,6412,5.1,123440,112009,11431,9.3,125488,116860,8628,6.9,127747,121211,6536,5.1
"1903","37053",13788,13290,498,3.6,14186,13686,500,3.5,14025,13174,851,6.1,14240,13645,595,4.2,14714,14202,512,3.5
"1904","37055",19667,18651,1016,5.2,19875,18949,926,4.7,19065,17205,1860,9.8,19655,18487,1168,5.9,20014,19157,857,4.3
"1905","37057",79203,76268,2935,3.7,80286,77361,2925,3.6,77487,72119,5368,6.9,78821,75166,3655,4.6,81618,78764,2854,3.5
"1906","37059",20235,19531,704,3.5,20430,19742,688,3.4,19722,18414,1308,6.6,20062,19183,879,4.4,20811,20107,704,3.4
"1907","37061",24667,23594,1073,4.3,25135,24136,999,4,24039,22712,1327,5.5,24152,23060,1092,4.5,24724,23819,905,3.7
"1908","37063",166241,160308,5933,3.6,171663,165859,5804,3.4,169008,158365,10643,6.3,171066,163761,7305,4.3,178905,173231,5674,3.2
"1909","37065",21178,19713,1465,6.9,20750,19530,1220,5.9,19948,17873,2075,10.4,20322,18605,1717,8.4,20272,18947,1325,6.5
"1910","37067",184119,176975,7144,3.9,186866,179938,6928,3.7,179835,166784,13051,7.3,182861,173726,9135,5,189065,182052,7013,3.7
"1911","37069",30304,29066,1238,4.1,31226,29970,1256,4,30695,28658,2037,6.6,32085,30545,1540,4.8,34010,32772,1238,3.6
"1912","37071",107449,103176,4273,4,109091,104871,4220,3.9,106574,98193,8381,7.9,109532,103827,5705,5.2,114660,110448,4212,3.7
"1913","37073",5238,5026,212,4,5250,5041,209,4,4871,4596,275,5.6,4973,4753,220,4.4,5130,4952,178,3.5
"1914","37075",3135,2950,185,5.9,3203,3032,171,5.3,2982,2690,292,9.8,3006,2798,208,6.9,2947,2789,158,5.4
"1915","37077",29523,28505,1018,3.4,29919,28920,999,3.3,28842,27193,1649,5.7,29237,28036,1201,4.1,30300,29338,962,3.2
"1916","37079",9390,9025,365,3.9,9491,9141,350,3.7,9211,8700,511,5.5,9317,8924,393,4.2,9558,9248,310,3.2
"1917","37081",258169,247259,10910,4.2,260375,249769,10606,4.1,251807,230764,21043,8.4,253775,239373,14402,5.7,260141,249479,10662,4.1
"1918","37083",19883,18664,1219,6.1,20212,19078,1134,5.6,19391,17646,1745,9,19136,17708,1428,7.5,19230,18163,1067,5.5
"1919","37085",52093,49623,2470,4.7,52861,50445,2416,4.6,51458,47678,3780,7.3,52926,50080,2846,5.4,55036,52781,2255,4.1
"1920","37087",29212,28209,1003,3.4,29646,28647,999,3.4,28035,25967,2068,7.4,28989,27737,1252,4.3,30190,29225,965,3.2
"1921","37089",53712,51940,1772,3.3,54541,52753,1788,3.3,51228,47758,3470,6.8,53222,51013,2209,4.2,55509,53751,1758,3.2
"1922","37091",8991,8533,458,5.1,9122,8659,463,5.1,8687,8095,592,6.8,8495,7932,563,6.6,8516,8079,437,5.1
"1923","37093",19810,18801,1009,5.1,19950,18971,979,4.9,19444,17809,1635,8.4,19882,18595,1287,6.5,20291,19293,998,4.9
"1924","37095",1985,1821,164,8.3,1903,1741,162,8.5,1745,1567,178,10.2,1751,1635,116,6.6,1775,1675,100,5.6
"1925","37097",86551,83371,3180,3.7,88893,85695,3198,3.6,87510,81253,6257,7.2,90134,85931,4203,4.7,94600,91399,3201,3.4
"1926","37099",19262,18446,816,4.2,19753,18940,813,4.1,19123,17695,1428,7.5,19391,18493,898,4.6,19689,18940,749,3.8
"1927","37101",95952,92410,3542,3.7,99035,95426,3609,3.6,97425,91412,6013,6.2,101791,97424,4367,4.3,108081,104509,3572,3.3
"1928","37103",4315,4132,183,4.2,4273,4108,165,3.9,4043,3816,227,5.6,4178,3998,180,4.3,4318,4171,147,3.4
"1929","37105",26110,24957,1153,4.4,25906,24759,1147,4.4,25103,23122,1981,7.9,25194,23809,1385,5.5,26093,24996,1097,4.2
"1930","37107",27454,26365,1089,4,27728,26693,1035,3.7,26675,25059,1616,6.1,26833,25477,1356,5.1,27655,26640,1015,3.7
"1931","37109",42007,40534,1473,3.5,43569,42041,1528,3.5,42659,39918,2741,6.4,44077,42258,1819,4.1,46383,44923,1460,3.1
"1932","37111",20803,20088,715,3.4,20691,19909,782,3.8,19889,18525,1364,6.9,19906,18991,915,4.6,20269,19565,704,3.5
"1933","37113",15129,14526,603,4,15494,14896,598,3.9,14939,13950,989,6.6,15300,14640,660,4.3,16018,15461,557,3.5
"1934","37115",9919,9555,364,3.7,10006,9645,361,3.6,9279,8648,631,6.8,9657,9236,421,4.4,10078,9733,345,3.4
"1935","37117",9150,8689,461,5,8971,8528,443,4.9,8607,8023,584,6.8,8504,8018,486,5.7,8588,8207,381,4.4
"1936","37119",601937,578929,23008,3.8,615263,592866,22397,3.6,605131,559368,45763,7.6,622240,591711,30529,4.9,652142,629309,22833,3.5
"1937","37121",5937,5668,269,4.5,6005,5734,271,4.5,5732,5294,438,7.6,5904,5595,309,5.2,6011,5761,250,4.2
"1938","37123",11361,10901,460,4,11465,11015,450,3.9,10952,10233,719,6.6,10999,10473,526,4.8,11223,10806,417,3.7
"1939","37125",40467,38900,1567,3.9,41727,40130,1597,3.8,39462,36638,2824,7.2,40161,38278,1883,4.7,42109,40564,1545,3.7
"1940","37127",42747,40546,2201,5.1,42750,40711,2039,4.8,41332,37960,3372,8.2,42216,39540,2676,6.3,42356,40246,2110,5
"1941","37129",119430,114827,4603,3.9,121681,117318,4363,3.6,118045,109652,8393,7.1,122553,117253,5300,4.3,129545,125298,4247,3.3
"1942","37131",7521,7134,387,5.1,7686,7296,390,5.1,7201,6680,521,7.2,7169,6716,453,6.3,7248,6896,352,4.9
"1943","37133",63369,60280,3089,4.9,63907,60986,2921,4.6,62685,58183,4502,7.2,65582,62160,3422,5.2,68204,65295,2909,4.3
"1944","37135",76455,73926,2529,3.3,79247,76619,2628,3.3,76140,72149,3991,5.2,77576,74759,2817,3.6,81502,79031,2471,3
"1945","37137",5244,5025,219,4.2,5337,5138,199,3.7,5145,4863,282,5.5,5328,5095,233,4.4,5506,5307,199,3.6
"1946","37139",16765,15957,808,4.8,16637,15880,757,4.6,16053,14895,1158,7.2,16254,15363,891,5.5,16748,16002,746,4.5
"1947","37141",27834,26663,1171,4.2,28492,27369,1123,3.9,27772,25997,1775,6.4,29034,27780,1254,4.3,30746,29684,1062,3.5
"1948","37143",4949,4708,241,4.9,4928,4686,242,4.9,4721,4404,317,6.7,4822,4559,263,5.5,4976,4753,223,4.5
"1949","37145",17888,17136,752,4.2,18214,17455,759,4.2,17818,16547,1271,7.1,18038,17109,929,5.2,18813,18102,711,3.8
"1950","37147",88214,84395,3819,4.3,88745,85020,3725,4.2,85465,79775,5690,6.7,84927,80446,4481,5.3,88143,84546,3597,4.1
"1951","37149",8817,8479,338,3.8,9018,8683,335,3.7,8701,8167,534,6.1,9036,8605,431,4.8,9365,9007,358,3.8
"1952","37151",65104,62618,2486,3.8,65434,62980,2454,3.8,62718,58195,4523,7.2,63412,60378,3034,4.8,65327,62948,2379,3.6
"1953","37153",16302,15402,900,5.5,16515,15663,852,5.2,16136,14683,1453,9,16301,15115,1186,7.3,16960,16104,856,5
"1954","37155",48970,46067,2903,5.9,49806,47178,2628,5.3,48182,43995,4187,8.7,47939,44307,3632,7.6,48162,45517,2645,5.5
"1955","37157",39513,37683,1830,4.6,39686,37954,1732,4.4,38076,34964,3112,8.2,38448,36292,2156,5.6,39464,37831,1633,4.1
"1956","37159",64018,61429,2589,4,64950,62338,2612,4,62957,58017,4940,7.8,64675,61390,3285,5.1,67728,65277,2451,3.6
"1957","37161",24424,23165,1259,5.2,25030,23820,1210,4.8,23711,21537,2174,9.2,24035,22475,1560,6.5,24807,23634,1173,4.7
"1958","37163",28845,27673,1172,4.1,29136,28043,1093,3.8,27502,25921,1581,5.7,27695,26416,1279,4.6,28641,27583,1058,3.7
"1959","37165",11307,10469,838,7.4,11396,10655,741,6.5,10997,9693,1304,11.9,11039,9995,1044,9.5,11189,10474,715,6.4
"1960","37167",29421,28351,1070,3.6,30063,28960,1103,3.7,28819,27029,1790,6.2,29472,28162,1310,4.4,30815,29799,1016,3.3
"1961","37169",21265,20480,785,3.7,21473,20709,764,3.6,20481,19190,1291,6.3,20929,20023,906,4.3,21702,20978,724,3.3
"1962","37171",33527,32334,1193,3.6,33665,32454,1211,3.6,31664,29525,2139,6.8,31912,30488,1424,4.5,32725,31600,1125,3.4
"1963","37173",6817,6521,296,4.3,6971,6698,273,3.9,6732,6169,563,8.4,6790,6477,313,4.6,7186,6953,233,3.2
"1964","37175",14072,13535,537,3.8,14555,14021,534,3.7,13728,12899,829,6,14130,13536,594,4.2,14744,14237,507,3.4
"1965","37177",1455,1363,92,6.3,1410,1326,84,6,1232,1119,113,9.2,1283,1194,89,6.9,1311,1243,68,5.2
"1966","37179",119791,115550,4241,3.5,122796,118535,4261,3.5,119125,112164,6961,5.8,123609,118702,4907,4,130308,126207,4101,3.1
"1967","37181",17159,16153,1006,5.9,17217,16235,982,5.7,16519,14876,1643,9.9,16627,15312,1315,7.9,16801,15825,976,5.8
"1968","37183",576779,556842,19937,3.5,586424,566568,19856,3.4,571230,535082,36148,6.3,594548,570431,24117,4.1,631370,612045,19325,3.1
"1969","37185",6461,6071,390,6,6512,6145,367,5.6,6312,5703,609,9.6,6371,5875,496,7.8,6376,5972,404,6.3
"1970","37187",4550,4277,273,6,4427,4175,252,5.7,4242,3902,340,8,4271,3974,297,7,4330,4108,222,5.1
"1971","37189",28475,27464,1011,3.6,29206,28201,1005,3.4,27026,25363,1663,6.2,28198,27127,1071,3.8,29393,28438,955,3.2
"1972","37191",51791,49533,2258,4.4,51413,49318,2095,4.1,49607,46479,3128,6.3,50341,47751,2590,5.1,50743,48688,2055,4
"1973","37193",29703,28572,1131,3.8,29078,27922,1156,4,27421,25577,1844,6.7,27025,25716,1309,4.8,27241,26199,1042,3.8
"1974","37195",34758,32591,2167,6.2,34665,32692,1973,5.7,33521,30599,2922,8.7,33334,31080,2254,6.8,33724,31999,1725,5.1
"1975","37197",17361,16767,594,3.4,17557,16958,599,3.4,16813,15639,1174,7,17029,16290,739,4.3,17671,17081,590,3.3
"1976","37199",8123,7827,296,3.6,8359,8049,310,3.7,7904,7388,516,6.5,7982,7630,352,4.4,8237,7942,295,3.6
"1977","38001",1081,1061,20,1.9,1059,1038,21,2,1006,970,36,3.6,976,948,28,2.9,955,934,21,2.2
"1978","38003",5320,5188,132,2.5,5250,5103,147,2.8,5192,4997,195,3.8,5210,5072,138,2.6,5226,5110,116,2.2
"1979","38005",2336,2253,83,3.6,2318,2228,90,3.9,2310,2157,153,6.6,2308,2212,96,4.2,2347,2279,68,2.9
"1980","38007",431,420,11,2.6,446,435,11,2.5,437,421,16,3.7,456,445,11,2.4,457,448,9,2
"1981","38009",3035,2942,93,3.1,2995,2903,92,3.1,2972,2817,155,5.2,2997,2878,119,4,3001,2912,89,3
"1982","38011",1665,1637,28,1.7,1735,1709,26,1.5,1629,1576,53,3.3,1602,1568,34,2.1,1557,1530,27,1.7
"1983","38013",1088,1065,23,2.1,1080,1057,23,2.1,1035,982,53,5.1,1056,1018,38,3.6,1042,1021,21,2
"1984","38015",50193,48977,1216,2.4,50429,49307,1122,2.2,51100,48954,2146,4.2,52074,50705,1369,2.6,52386,51373,1013,1.9
"1985","38017",103900,101718,2182,2.1,105065,103097,1968,1.9,105849,101355,4494,4.2,108123,105487,2636,2.4,110429,108482,1947,1.8
"1986","38019",2004,1956,48,2.4,1913,1864,49,2.6,1908,1844,64,3.4,1890,1841,49,2.6,1842,1797,45,2.4
"1987","38021",2436,2396,40,1.6,2337,2296,41,1.8,2308,2234,74,3.2,2286,2234,52,2.3,2238,2199,39,1.7
"1988","38023",1553,1534,19,1.2,1474,1455,19,1.3,1439,1395,44,3.1,1450,1420,30,2.1,1442,1423,19,1.3
"1989","38025",3096,3050,46,1.5,3266,3217,49,1.5,3147,3007,140,4.4,3084,2999,85,2.8,3215,3172,43,1.3
"1990","38027",1259,1201,58,4.6,1233,1184,49,4,1201,1147,54,4.5,1200,1161,39,3.3,1207,1172,35,2.9
"1991","38029",1502,1435,67,4.5,1452,1397,55,3.8,1488,1418,70,4.7,1482,1424,58,3.9,1456,1393,63,4.3
"1992","38031",1617,1578,39,2.4,1534,1495,39,2.5,1556,1504,52,3.3,1522,1486,36,2.4,1527,1495,32,2.1
"1993","38033",900,884,16,1.8,850,836,14,1.6,861,835,26,3,854,834,20,2.3,855,841,14,1.6
"1994","38035",38516,37719,797,2.1,37939,37218,721,1.9,37150,35493,1657,4.5,37290,36282,1008,2.7,37733,37021,712,1.9
"1995","38037",1226,1196,30,2.4,1196,1171,25,2.1,1198,1166,32,2.7,1245,1217,28,2.2,1221,1197,24,2
"1996","38039",1069,1047,22,2.1,1038,1015,23,2.2,1023,993,30,2.9,1035,1010,25,2.4,1019,997,22,2.2
"1997","38041",1423,1396,27,1.9,1399,1374,25,1.8,1391,1338,53,3.8,1397,1359,38,2.7,1402,1378,24,1.7
"1998","38043",1316,1263,53,4,1282,1235,47,3.7,1294,1231,63,4.9,1327,1270,57,4.3,1323,1271,52,3.9
"1999","38045",2150,2111,39,1.8,2085,2045,40,1.9,2063,2010,53,2.6,2064,2025,39,1.9,2108,2069,39,1.9
"2000","38047",910,889,21,2.3,872,853,19,2.2,861,834,27,3.1,874,852,22,2.5,873,854,19,2.2
"2001","38049",3166,3050,116,3.7,3103,3002,101,3.3,3109,2945,164,5.3,3157,3042,115,3.6,3159,3057,102,3.2
"2002","38051",1163,1134,29,2.5,1118,1087,31,2.8,1098,1063,35,3.2,1100,1068,32,2.9,1072,1049,23,2.1
"2003","38053",9216,9072,144,1.6,10584,10427,157,1.5,9484,8784,700,7.4,8665,8277,388,4.5,9183,9009,174,1.9
"2004","38055",4824,4676,148,3.1,4769,4630,139,2.9,4829,4619,210,4.3,4739,4592,147,3.1,4815,4668,147,3.1
"2005","38057",3997,3842,155,3.9,3673,3533,140,3.8,3636,3434,202,5.6,3702,3558,144,3.9,3636,3517,119,3.3
"2006","38059",16579,16082,497,3,16668,16213,455,2.7,16894,16068,826,4.9,17168,16616,552,3.2,17240,16815,425,2.5
"2007","38061",7196,7091,105,1.5,7506,7410,96,1.3,6908,6559,349,5.1,6502,6312,190,2.9,6436,6337,99,1.5
"2008","38063",1432,1388,44,3.1,1404,1364,40,2.8,1397,1336,61,4.4,1415,1371,44,3.1,1461,1418,43,2.9
"2009","38065",891,858,33,3.7,882,852,30,3.4,872,828,44,5,880,851,29,3.3,889,860,29,3.3
"2010","38067",3421,3296,125,3.7,3367,3262,105,3.1,3392,3206,186,5.5,3336,3201,135,4,3261,3151,110,3.4
"2011","38069",1799,1746,53,2.9,1736,1685,51,2.9,1708,1637,71,4.2,1690,1642,48,2.8,1666,1623,43,2.6
"2012","38071",5744,5594,150,2.6,5717,5563,154,2.7,5731,5484,247,4.3,5780,5622,158,2.7,5678,5550,128,2.3
"2013","38073",2875,2825,50,1.7,2854,2808,46,1.6,2889,2775,114,3.9,2724,2665,59,2.2,2681,2635,46,1.7
"2014","38075",1237,1210,27,2.2,1225,1197,28,2.3,1229,1170,59,4.8,1213,1179,34,2.8,1224,1200,24,2
"2015","38077",8854,8641,213,2.4,8746,8557,189,2.2,8625,8302,323,3.7,8743,8540,203,2.3,8845,8676,169,1.9
"2016","38079",4734,4321,413,8.7,4654,4301,353,7.6,4767,4142,625,13.1,4742,4328,414,8.7,4756,4440,316,6.6
"2017","38081",2592,2547,45,1.7,2716,2671,45,1.7,2804,2687,117,4.2,2396,2342,54,2.3,2327,2287,40,1.7
"2018","38083",695,666,29,4.2,681,653,28,4.1,681,642,39,5.7,667,638,29,4.3,662,645,17,2.6
"2019","38085",1264,1217,47,3.7,1221,1178,43,3.5,1195,1149,46,3.8,1222,1185,37,3,1232,1200,32,2.6
"2020","38087",406,398,8,2,396,388,8,2,394,382,12,3,361,352,9,2.5,341,332,9,2.6
"2021","38089",18554,18143,411,2.2,18994,18639,355,1.9,18374,17082,1292,7,17605,16923,682,3.9,18115,17772,343,1.9
"2022","38091",1018,999,19,1.9,995,976,19,1.9,959,932,27,2.8,942,919,23,2.4,951,932,19,2
"2023","38093",10729,10484,245,2.3,10507,10286,221,2.1,10535,10181,354,3.4,10463,10197,266,2.5,10668,10450,218,2
"2024","38095",1207,1179,28,2.3,1156,1127,29,2.5,1153,1122,31,2.7,1156,1124,32,2.8,1128,1101,27,2.4
"2025","38097",4515,4405,110,2.4,4460,4352,108,2.4,4466,4310,156,3.5,4475,4361,114,2.5,4512,4422,90,2
"2026","38099",5373,5217,156,2.9,5224,5067,157,3,5165,4939,226,4.4,5312,5110,202,3.8,5280,5114,166,3.1
"2027","38101",32401,31548,853,2.6,32269,31531,738,2.3,32017,30153,1864,5.8,32114,30970,1144,3.6,32400,31669,731,2.3
"2028","38103",2018,1961,57,2.8,1913,1859,54,2.8,1910,1830,80,4.2,1916,1849,67,3.5,1926,1866,60,3.1
"2029","38105",24147,23701,446,1.8,25072,24649,423,1.7,23165,20978,2187,9.4,20920,19785,1135,5.4,21917,21423,494,2.3
"2030","39001",10957,10186,771,7,10891,10142,749,6.9,10896,9880,1016,9.3,10940,10244,696,6.4,10960,10371,589,5.4
"2031","39003",48155,46007,2148,4.5,48270,46300,1970,4.1,47944,43816,4128,8.6,47384,44646,2738,5.8,46700,44728,1972,4.2
"2032","39005",26315,25117,1198,4.6,27031,25899,1132,4.2,26353,24640,1713,6.5,26217,25065,1152,4.4,25995,24995,1000,3.8
"2033","39007",44654,42319,2335,5.2,44889,42723,2166,4.8,43808,40144,3664,8.4,43150,40760,2390,5.5,42977,41083,1894,4.4
"2034","39009",28009,26427,1582,5.6,28112,26620,1492,5.3,26427,24404,2023,7.7,25785,24344,1441,5.6,26150,24896,1254,4.8
"2035","39011",24771,23960,811,3.3,25160,24397,763,3,24579,22883,1696,6.9,24263,23354,909,3.7,24000,23259,741,3.1
"2036","39013",30706,29028,1678,5.5,30231,28515,1716,5.7,28597,25684,2913,10.2,27774,26061,1713,6.2,27182,25781,1401,5.2
"2037","39015",19554,18505,1049,5.4,19688,18698,990,5,19308,17692,1616,8.4,19372,18331,1041,5.4,19528,18648,880,4.5
"2038","39017",194634,186579,8055,4.1,197177,189640,7537,3.8,194249,180054,14195,7.3,195244,186424,8820,4.5,197439,190433,7006,3.5
"2039","39019",13045,12355,690,5.3,13026,12374,652,5,12876,11734,1142,8.9,12714,11995,719,5.7,12588,12046,542,4.3
"2040","39021",20010,19249,761,3.8,20232,19474,758,3.7,19845,18420,1425,7.2,19319,18458,861,4.5,19186,18469,717,3.7
"2041","39023",63429,60535,2894,4.6,63859,61078,2781,4.4,62813,57680,5133,8.2,62613,59269,3344,5.3,62683,60114,2569,4.1
"2042","39025",106580,102214,4366,4.1,108262,104173,4089,3.8,106161,98818,7343,6.9,107017,102360,4657,4.4,108269,104425,3844,3.6
"2043","39027",17647,16722,925,5.2,17849,17000,849,4.8,17733,16242,1491,8.4,17874,16888,986,5.5,17858,17076,782,4.4
"2044","39029",47496,45054,2442,5.1,47822,45493,2329,4.9,47187,42730,4457,9.4,45667,43028,2639,5.8,44719,42653,2066,4.6
"2045","39031",14486,13594,892,6.2,14503,13645,858,5.9,14136,12871,1265,8.9,13757,12949,808,5.9,13666,12999,667,4.9
"2046","39033",18122,17173,949,5.2,18415,17547,868,4.7,18588,16843,1745,9.4,17997,16942,1055,5.9,17707,16863,844,4.8
"2047","39035",623754,593532,30222,4.8,627902,601190,26712,4.3,601373,537911,63462,10.6,596287,558946,37341,6.3,599648,570341,29307,4.9
"2048","39037",25998,24989,1009,3.9,26013,25049,964,3.7,25714,23974,1740,6.8,25591,24581,1010,3.9,25536,24631,905,3.5
"2049","39039",18299,17493,806,4.4,18205,17423,782,4.3,17784,16321,1463,8.2,17531,16701,830,4.7,17374,16688,686,3.9
"2050","39041",109612,105901,3711,3.4,113102,109498,3604,3.2,112387,106320,6067,5.4,114332,110170,4162,3.6,115832,112373,3459,3
"2051","39043",38110,35987,2123,5.6,37677,35802,1875,5,36586,32768,3818,10.4,37039,34678,2361,6.4,36592,34810,1782,4.9
"2052","39045",77580,74430,3150,4.1,79206,76219,2987,3.8,78771,73515,5256,6.7,79614,76120,3494,4.4,80488,77688,2800,3.5
"2053","39047",14171,13587,584,4.1,13998,13449,549,3.9,13982,12945,1037,7.4,13692,13030,662,4.8,13732,13203,529,3.9
"2054","39049",693272,666817,26455,3.8,703584,678439,25145,3.6,701892,648597,53295,7.6,707069,671944,35125,5,710441,686143,24298,3.4
"2055","39051",22444,21460,984,4.4,22643,21698,945,4.2,21817,20091,1726,7.9,21593,20566,1027,4.8,21627,20758,869,4
"2056","39053",12359,11614,745,6,12331,11659,672,5.4,12237,11255,982,8,12057,11368,689,5.7,12017,11452,565,4.7
"2057","39055",49970,47966,2004,4,50501,48712,1789,3.5,47006,43834,3172,6.7,47564,45636,1928,4.1,48335,46388,1947,4
"2058","39057",83164,79808,3356,4,84307,81114,3193,3.8,82434,77069,5365,6.5,81960,78371,3589,4.4,82069,79128,2941,3.6
"2059","39059",18857,17819,1038,5.5,18774,17741,1033,5.5,18310,16712,1598,8.7,17811,16811,1000,5.6,17712,16841,871,4.9
"2060","39061",414927,397891,17036,4.1,420158,404026,16132,3.8,414064,381365,32699,7.9,415252,395045,20207,4.9,418259,403233,15026,3.6
"2061","39063",41580,40163,1417,3.4,42270,40918,1352,3.2,41560,38712,2848,6.9,40877,39174,1703,4.2,40237,38916,1321,3.3
"2062","39065",14094,13479,615,4.4,14027,13434,593,4.2,13962,12825,1137,8.1,13558,12849,709,5.2,13074,12522,552,4.2
"2063","39067",6965,6602,363,5.2,6884,6519,365,5.3,6704,6080,624,9.3,6488,6084,404,6.2,6446,6128,318,4.9
"2064","39069",13372,12714,658,4.9,13290,12669,621,4.7,13040,11981,1059,8.1,12745,12081,664,5.2,12691,12114,577,4.5
"2065","39071",17235,16284,951,5.5,17228,16326,902,5.2,17454,15933,1521,8.7,17275,16281,994,5.8,17390,16535,855,4.9
"2066","39073",13032,12369,663,5.1,13081,12470,611,4.7,12747,11788,959,7.5,12843,12219,624,4.9,12989,12457,532,4.1
"2067","39075",20767,20090,677,3.3,21018,20380,638,3,20944,20122,822,3.9,21388,20785,603,2.8,21675,21060,615,2.8
"2068","39077",28112,26462,1650,5.9,28235,26597,1638,5.8,27587,24968,2619,9.5,27631,26010,1621,5.9,27703,26291,1412,5.1
"2069","39079",12860,12023,837,6.5,12866,12063,803,6.2,13166,12010,1156,8.8,12608,11826,782,6.2,12309,11697,612,5
"2070","39081",27829,26083,1746,6.3,28067,26415,1652,5.9,27533,24741,2792,10.1,27115,25345,1770,6.5,27008,25538,1470,5.4
"2071","39083",31555,30187,1368,4.3,31856,30579,1277,4,31000,29066,1934,6.2,30994,29725,1269,4.1,30872,29794,1078,3.5
"2072","39085",128596,123008,5588,4.3,130174,125276,4898,3.8,122854,112513,10341,8.4,122993,116886,6107,5,124629,119276,5353,4.3
"2073","39087",23929,22595,1334,5.6,24060,22807,1253,5.2,23715,21688,2027,8.5,23129,21926,1203,5.2,23268,22189,1079,4.6
"2074","39089",89924,86362,3562,4,91426,87979,3447,3.8,90324,84344,5980,6.6,91141,87373,3768,4.1,92216,89072,3144,3.4
"2075","39091",23256,22393,863,3.7,23047,22199,848,3.7,22770,20893,1877,8.2,22402,21464,938,4.2,22454,21673,781,3.5
"2076","39093",156576,148756,7820,5,158826,151914,6912,4.4,152892,137862,15030,9.8,151656,143185,8471,5.6,153935,146132,7803,5.1
"2077","39095",210801,199780,11021,5.2,211993,202047,9946,4.7,208882,187181,21701,10.4,204500,191793,12707,6.2,202790,193820,8970,4.4
"2078","39097",20700,19913,787,3.8,21034,20301,733,3.5,20540,19298,1242,6,20762,19954,808,3.9,21029,20354,675,3.2
"2079","39099",104805,98633,6172,5.9,104172,98147,6025,5.8,100445,90135,10310,10.3,98540,92283,6257,6.3,98057,93355,4702,4.8
"2080","39101",28629,27366,1263,4.4,28765,27592,1173,4.1,28334,26170,2164,7.6,27819,26496,1323,4.8,27349,26146,1203,4.4
"2081","39103",99174,95270,3904,3.9,101011,97498,3513,3.5,95697,88426,7271,7.6,95930,91873,4057,4.2,97626,93708,3918,4
"2082","39105",9015,8365,650,7.2,9203,8564,639,6.9,8998,8119,879,9.8,8763,8181,582,6.6,8590,8088,502,5.8
"2083","39107",23757,23105,652,2.7,23639,23017,622,2.6,23454,22188,1266,5.4,22855,22132,723,3.2,22779,22165,614,2.7
"2084","39109",54026,51918,2108,3.9,54893,52848,2045,3.7,53900,50097,3803,7.1,53209,50911,2298,4.3,53343,51445,1898,3.6
"2085","39111",5218,4814,404,7.7,5393,4944,449,8.3,5674,5066,608,10.7,5281,4892,389,7.4,5130,4802,328,6.4
"2086","39113",252382,240964,11418,4.5,254041,243251,10790,4.2,251147,229213,21934,8.7,246953,233108,13845,5.6,245512,235457,10055,4.1
"2087","39115",6749,6345,404,6,6788,6346,442,6.5,6702,6082,620,9.3,6743,6321,422,6.3,6784,6423,361,5.3
"2088","39117",16748,15977,771,4.6,16983,16275,708,4.2,16751,15541,1210,7.2,16868,16100,768,4.6,17064,16401,663,3.9
"2089","39119",39768,37665,2103,5.3,40049,38071,1978,4.9,40322,37175,3147,7.8,40472,38388,2084,5.1,40606,38857,1749,4.3
"2090","39121",4795,4476,319,6.7,4761,4429,332,7,4650,4198,452,9.7,4623,4310,313,6.8,4589,4313,276,6
"2091","39123",21217,19883,1334,6.3,21216,20002,1214,5.7,20634,18747,1887,9.1,20555,19300,1255,6.1,20489,19414,1075,5.2
"2092","39125",8799,8442,357,4.1,8707,8370,337,3.9,8710,8057,653,7.5,8590,8217,373,4.3,8669,8365,304,3.5
"2093","39127",15841,14950,891,5.6,16020,15177,843,5.3,15830,14481,1349,8.5,15879,14989,890,5.6,16003,15299,704,4.4
"2094","39129",26305,25174,1131,4.3,26728,25648,1080,4,26334,24521,1813,6.9,26579,25383,1196,4.5,26881,25886,995,3.7
"2095","39131",10928,10219,709,6.5,10897,10216,681,6.2,10893,9866,1027,9.4,10860,10171,689,6.3,10991,10433,558,5.1
"2096","39133",87437,83454,3983,4.6,88066,84306,3760,4.3,85433,79163,6270,7.3,84702,80677,4025,4.8,84528,81276,3252,3.8
"2097","39135",21283,20418,865,4.1,21343,20533,810,3.8,21067,19631,1436,6.8,21483,20610,873,4.1,21848,21113,735,3.4
"2098","39137",18767,18139,628,3.3,18991,18397,594,3.1,18587,17543,1044,5.6,18789,18143,646,3.4,18852,18281,571,3
"2099","39139",53127,50523,2604,4.9,52843,50429,2414,4.6,51842,47161,4681,9,51291,48416,2875,5.6,50555,48271,2284,4.5
"2100","39141",34987,33404,1583,4.5,35605,34094,1511,4.2,35297,32461,2836,8,35054,33343,1711,4.9,35048,33702,1346,3.8
"2101","39143",31049,29647,1402,4.5,30849,29509,1340,4.3,30079,27629,2450,8.1,30237,28648,1589,5.3,29924,28515,1409,4.7
"2102","39145",29131,27173,1958,6.7,29191,27347,1844,6.3,29176,26623,2553,8.8,29231,27411,1820,6.2,29211,27729,1482,5.1
"2103","39147",27363,26159,1204,4.4,27672,26516,1156,4.2,27197,24984,2213,8.1,26631,25358,1273,4.8,26246,25149,1097,4.2
"2104","39149",24110,23206,904,3.7,24389,23518,871,3.6,24007,22146,1861,7.8,23752,22751,1001,4.2,23517,22690,827,3.5
"2105","39151",187096,177934,9162,4.9,187369,178826,8543,4.6,183740,168819,14921,8.1,182086,172558,9528,5.2,180832,173548,7284,4
"2106","39153",272862,260175,12687,4.6,274992,263139,11853,4.3,268162,245748,22414,8.4,264828,250394,14434,5.5,263201,252394,10807,4.1
"2107","39155",88114,82647,5467,6.2,87742,82322,5420,6.2,84914,76039,8875,10.5,83220,77881,5339,6.4,82829,78741,4088,4.9
"2108","39157",44806,42768,2038,4.5,45303,43331,1972,4.4,44594,41213,3381,7.6,44322,42257,2065,4.7,44482,42784,1698,3.8
"2109","39159",28789,27791,998,3.5,29660,28696,964,3.3,29591,27868,1723,5.8,29914,28848,1066,3.6,30281,29368,913,3
"2110","39161",14485,13977,508,3.5,15149,14651,498,3.3,14781,13738,1043,7.1,14461,13885,576,4,14335,13855,480,3.3
"2111","39163",5529,5187,342,6.2,5618,5300,318,5.7,5617,5098,519,9.2,5482,5141,341,6.2,5398,5129,269,5
"2112","39165",118866,114295,4571,3.8,121462,117154,4308,3.5,120024,112349,7675,6.4,121228,116354,4874,4,122794,118767,4027,3.3
"2113","39167",27307,25776,1531,5.6,27670,26174,1496,5.4,26894,24573,2321,8.6,26602,25113,1489,5.6,26568,25315,1253,4.7
"2114","39169",61439,59231,2208,3.6,62645,60592,2053,3.3,60482,56910,3572,5.9,60037,57848,2189,3.6,59887,57993,1894,3.2
"2115","39171",19056,18366,690,3.6,19202,18559,643,3.3,18844,17380,1464,7.8,18369,17572,797,4.3,18105,17488,617,3.4
"2116","39173",71179,68337,2842,4,72082,69423,2659,3.7,69437,64522,4915,7.1,69078,66092,2986,4.3,69220,66787,2433,3.5
"2117","39175",12782,12372,410,3.2,13151,12737,414,3.1,12934,12035,899,7,12876,12419,457,3.5,13181,12799,382,2.9
"2118","40001",8133,7807,326,4,8071,7753,318,3.9,8319,7823,496,6,8538,8210,328,3.8,8602,8314,288,3.3
"2119","40003",2886,2826,60,2.1,2787,2733,54,1.9,2753,2650,103,3.7,2686,2620,66,2.5,2694,2640,54,2
"2120","40005",5044,4843,201,4,4896,4693,203,4.1,5129,4755,374,7.3,5015,4766,249,5,5131,4933,198,3.9
"2121","40007",3003,2945,58,1.9,2859,2804,55,1.9,2576,2506,70,2.7,2638,2590,48,1.8,2663,2613,50,1.9
"2122","40009",11363,11081,282,2.5,10439,10124,315,3,9973,9198,775,7.8,9744,9310,434,4.5,10437,10168,269,2.6
"2123","40011",4463,4376,87,1.9,4719,4629,90,1.9,4388,4118,270,6.2,4398,4263,135,3.1,4402,4303,99,2.2
"2124","40013",20858,20221,637,3.1,21365,20741,624,2.9,22377,21211,1166,5.2,22088,21327,761,3.4,23030,22400,630,2.7
"2125","40015",12062,11647,415,3.4,11773,11372,401,3.4,11927,11203,724,6.1,12000,11532,468,3.9,11834,11452,382,3.2
"2126","40017",73197,71249,1948,2.7,75633,73582,2051,2.7,77497,72833,4664,6,78558,75914,2644,3.4,80563,78522,2041,2.5
"2127","40019",22027,21283,744,3.4,21399,20700,699,3.3,21299,19768,1531,7.2,21469,20481,988,4.6,21519,20769,750,3.5
"2128","40021",18723,17961,762,4.1,18721,18009,712,3.8,19541,18438,1103,5.6,20066,19199,867,4.3,20114,19405,709,3.5
"2129","40023",5662,5389,273,4.8,5408,5157,251,4.6,5568,5138,430,7.7,5962,5640,322,5.4,5979,5702,277,4.6
"2130","40025",1371,1346,25,1.8,1321,1299,22,1.7,1399,1370,29,2.1,1506,1478,28,1.9,1604,1582,22,1.4
"2131","40027",140930,136989,3941,2.8,142910,139031,3879,2.7,142448,134295,8153,5.7,144833,139956,4877,3.4,148449,144665,3784,2.5
"2132","40029",2282,2200,82,3.6,2445,2354,91,3.7,2281,2121,160,7,2299,2192,107,4.7,2343,2267,76,3.2
"2133","40031",48107,46294,1813,3.8,47973,46296,1677,3.5,47954,44667,3287,6.9,47903,45857,2046,4.3,47507,45791,1716,3.6
"2134","40033",2723,2641,82,3,2652,2571,81,3.1,2712,2516,196,7.2,2716,2600,116,4.3,2687,2605,82,3.1
"2135","40035",6063,5860,203,3.3,5899,5699,200,3.4,5801,5479,322,5.6,5800,5580,220,3.8,5918,5736,182,3.1
"2136","40037",31328,30178,1150,3.7,31438,30324,1114,3.5,30989,28908,2081,6.7,31211,29827,1384,4.4,31506,30401,1105,3.5
"2137","40039",15604,15237,367,2.4,15563,15184,379,2.4,15061,14226,835,5.5,15235,14718,517,3.4,15055,14660,395,2.6
"2138","40041",17871,17194,677,3.8,18060,17407,653,3.6,18417,17416,1001,5.4,18969,18307,662,3.5,19922,19338,584,2.9
"2139","40043",2758,2707,51,1.8,2886,2828,58,2,2683,2550,133,5,2679,2602,77,2.9,2976,2917,59,2
"2140","40045",2190,2144,46,2.1,2128,2078,50,2.3,2136,2037,99,4.6,2110,2048,62,2.9,2091,2043,48,2.3
"2141","40047",27091,26302,789,2.9,26987,26213,774,2.9,26928,25421,1507,5.6,26764,25793,971,3.6,26569,25796,773,2.9
"2142","40049",12615,12218,397,3.1,12540,12160,380,3,12730,11918,812,6.4,12670,12174,496,3.9,12756,12392,364,2.9
"2143","40051",26178,25406,772,2.9,26413,25630,783,3,26358,24700,1658,6.3,26763,25793,970,3.6,27390,26640,750,2.7
"2144","40053",2724,2670,54,2,2651,2598,53,2,2766,2672,94,3.4,2782,2709,73,2.6,2766,2713,53,1.9
"2145","40055",1954,1879,75,3.8,1819,1745,74,4.1,1873,1729,144,7.7,1868,1770,98,5.2,1841,1778,63,3.4
"2146","40057",1202,1168,34,2.8,1174,1142,32,2.7,1172,1129,43,3.7,1183,1151,32,2.7,1202,1169,33,2.7
"2147","40059",1787,1747,40,2.2,1722,1675,47,2.7,1767,1706,61,3.5,1804,1757,47,2.6,1799,1763,36,2
"2148","40061",4196,3990,206,4.9,4214,4002,212,5,4229,3885,344,8.1,4228,3997,231,5.5,4176,3996,180,4.3
"2149","40063",5331,5116,215,4,5305,5060,245,4.6,5310,4901,409,7.7,5205,4927,278,5.3,5140,4940,200,3.9
"2150","40065",10703,10391,312,2.9,10612,10317,295,2.8,10594,10152,442,4.2,10785,10461,324,3,10762,10469,293,2.7
"2151","40067",2573,2489,84,3.3,2483,2407,76,3.1,2562,2389,173,6.8,2489,2386,103,4.1,2475,2398,77,3.1
"2152","40069",5174,5027,147,2.8,3743,3589,154,4.1,3754,3461,293,7.8,3706,3528,178,4.8,3784,3643,141,3.7
"2153","40071",18824,17980,844,4.5,18218,17478,740,4.1,18298,17052,1246,6.8,18501,17662,839,4.5,18596,17949,647,3.5
"2154","40073",8887,8705,182,2,9066,8888,178,2,8744,8353,391,4.5,8719,8480,239,2.7,8986,8808,178,2
"2155","40075",3508,3368,140,4,3419,3297,122,3.6,3507,3326,181,5.2,3631,3502,129,3.6,3656,3538,118,3.2
"2156","40077",3199,3014,185,5.8,3111,2924,187,6,3148,2822,326,10.4,3105,2873,232,7.5,3147,2971,176,5.6
"2157","40079",19088,18240,848,4.4,18944,18095,849,4.5,19179,17811,1368,7.1,19399,18463,936,4.8,19606,18883,723,3.7
"2158","40081",15615,15080,535,3.4,15640,15109,531,3.4,15499,14606,893,5.8,15860,15270,590,3.7,16235,15741,494,3
"2159","40083",21853,21213,640,2.9,22248,21637,611,2.7,22286,21112,1174,5.3,22808,22029,779,3.4,23396,22764,632,2.7
"2160","40085",6404,6271,133,2.1,6154,6020,134,2.2,6510,6230,280,4.3,6060,5892,168,2.8,5870,5730,140,2.4
"2161","40087",19447,18927,520,2.7,19725,19209,516,2.6,20054,18924,1130,5.6,20447,19781,666,3.3,20969,20412,557,2.7
"2162","40089",14073,13329,744,5.3,14352,13573,779,5.4,14986,13961,1025,6.8,15848,15119,729,4.6,15961,15330,631,4
"2163","40091",6826,6438,388,5.7,7068,6675,393,5.6,7126,6509,617,8.7,7177,6728,449,6.3,7271,6915,356,4.9
"2164","40093",3993,3911,82,2.1,3849,3770,79,2.1,3678,3498,180,4.9,3708,3589,119,3.2,3813,3723,90,2.4
"2165","40095",6715,6472,243,3.6,6873,6644,229,3.3,6820,6369,451,6.6,7070,6801,269,3.8,7384,7159,225,3
"2166","40097",19727,19092,635,3.2,19329,18754,575,3,19292,18284,1008,5.2,19488,18724,764,3.9,19755,19137,618,3.1
"2167","40099",6456,6274,182,2.8,6296,6115,181,2.9,6128,5740,388,6.3,6124,5874,250,4.1,6123,5937,186,3
"2168","40101",29079,27958,1121,3.9,29491,28400,1091,3.7,29079,27268,1811,6.2,29014,27699,1315,4.5,28816,27819,997,3.5
"2169","40103",5701,5559,142,2.5,5646,5516,130,2.3,5465,5236,229,4.2,5580,5431,149,2.7,5819,5692,127,2.2
"2170","40105",4600,4414,186,4,4549,4400,149,3.3,4599,4351,248,5.4,4655,4484,171,3.7,4727,4592,135,2.9
"2171","40107",4480,4275,205,4.6,4586,4386,200,4.4,4400,4098,302,6.9,4427,4203,224,5.1,4434,4260,174,3.9
"2172","40109",380111,367996,12115,3.2,384060,372511,11549,3,384398,359129,25269,6.6,390996,374440,16556,4.2,398536,386819,11717,2.9
"2173","40111",15556,14813,743,4.8,15679,14944,735,4.7,15366,14213,1153,7.5,15503,14667,836,5.4,15623,14969,654,4.2
"2174","40113",20587,19736,851,4.1,20578,19833,745,3.6,20187,18834,1353,6.7,20316,19419,897,4.4,20575,19835,740,3.6
"2175","40115",14300,13824,476,3.3,14173,13721,452,3.2,14264,13435,829,5.8,14501,14014,487,3.4,15150,14726,424,2.8
"2176","40117",7316,7024,292,4,7320,7045,275,3.8,7244,6756,488,6.7,7302,6986,316,4.3,7387,7118,269,3.6
"2177","40119",38498,37405,1093,2.8,38004,36959,1045,2.7,37640,35604,2036,5.4,38045,36749,1296,3.4,39102,38014,1088,2.8
"2178","40121",17783,17122,661,3.7,17117,16435,682,4,16659,15363,1296,7.8,16496,15595,901,5.5,16389,15686,703,4.3
"2179","40123",18583,18031,552,3,18887,18320,567,3,19161,18146,1015,5.3,19193,18520,673,3.5,19455,18917,538,2.8
"2180","40125",32442,31280,1162,3.6,32275,31161,1114,3.5,32261,30240,2021,6.3,32741,31416,1325,4,33267,32124,1143,3.4
"2181","40127",4476,4251,225,5,4264,4063,201,4.7,4455,4151,304,6.8,4724,4514,210,4.4,4593,4417,176,3.8
"2182","40129",1869,1826,43,2.3,1848,1795,53,2.9,1778,1686,92,5.2,1807,1753,54,3,1804,1762,42,2.3
"2183","40131",44703,43281,1422,3.2,45158,43833,1325,2.9,44731,42068,2663,6,44969,43307,1662,3.7,45566,44242,1324,2.9
"2184","40133",9452,9021,431,4.6,9393,8962,431,4.6,9197,8496,701,7.6,9176,8693,483,5.3,9253,8868,385,4.2
"2185","40135",16268,15592,676,4.2,16281,15648,633,3.9,16511,15360,1151,7,16689,15936,753,4.5,16858,16278,580,3.4
"2186","40137",18439,17738,701,3.8,18515,17757,758,4.1,18486,17008,1478,8,18754,17879,875,4.7,19226,18609,617,3.2
"2187","40139",8990,8753,237,2.6,11174,10969,205,1.8,11272,11004,268,2.4,11491,11268,223,1.9,11931,11717,214,1.8
"2188","40141",3085,2974,111,3.6,2988,2883,105,3.5,3025,2832,193,6.4,2950,2816,134,4.5,2943,2845,98,3.3
"2189","40143",320591,310231,10360,3.2,323631,313843,9788,3,323367,301625,21742,6.7,324695,311008,13687,4.2,326901,317012,9889,3
"2190","40145",37635,36433,1202,3.2,38361,37218,1143,3,38468,36184,2284,5.9,38741,37298,1443,3.7,39229,38048,1181,3
"2191","40147",22823,21965,858,3.8,22275,21548,727,3.3,22221,20884,1337,6,22532,21640,892,4,22396,21661,735,3.3
"2192","40149",5251,5098,153,2.9,5144,4979,165,3.2,5098,4745,353,6.9,4997,4774,223,4.5,5291,5131,160,3
"2193","40151",4626,4530,96,2.1,4581,4491,90,2,4592,4430,162,3.5,4748,4644,104,2.2,4698,4610,88,1.9
"2194","40153",9227,8986,241,2.6,8945,8698,247,2.8,8907,8288,619,6.9,8682,8304,378,4.4,8625,8371,254,2.9
"2195","41001",7066,6698,368,5.2,7109,6787,322,4.5,7279,6755,524,7.2,7461,7074,387,5.2,7435,7082,353,4.7
"2196","41003",47838,46364,1474,3.1,47421,46012,1409,3,46709,44091,2618,5.6,47620,45720,1900,4,49114,47366,1748,3.6
"2197","41005",216427,208547,7880,3.6,218366,211042,7324,3.4,218684,202868,15816,7.2,222801,211961,10840,4.9,227202,218564,8638,3.8
"2198","41007",19110,18351,759,4,19300,18584,716,3.7,19289,17461,1828,9.5,19498,18341,1157,5.9,19645,18802,843,4.3
"2199","41009",24123,22940,1183,4.9,24190,23116,1074,4.4,24169,22257,1912,7.9,24631,23215,1416,5.7,25184,23973,1211,4.8
"2200","41011",26026,24662,1364,5.2,26114,24863,1251,4.8,26612,24313,2299,8.6,26871,25184,1687,6.3,26597,25196,1401,5.3
"2201","41013",9430,8883,547,5.8,9806,9304,502,5.1,10384,9466,918,8.8,10958,10225,733,6.7,11220,10607,613,5.5
"2202","41015",8878,8354,524,5.9,8855,8402,453,5.1,8973,8193,780,8.7,9212,8602,610,6.6,9213,8715,498,5.4
"2203","41017",94318,90446,3872,4.1,95919,92203,3716,3.9,98370,90552,7818,7.9,102304,96879,5425,5.3,103230,98937,4293,4.2
"2204","41019",46111,43710,2401,5.2,46432,44196,2236,4.8,47384,43710,3674,7.8,47967,45155,2812,5.9,47728,45215,2513,5.3
"2205","41021",851,819,32,3.8,942,908,34,3.6,994,932,62,6.2,944,899,45,4.8,956,918,38,4
"2206","41023",3112,2898,214,6.9,3176,2961,215,6.8,3205,2936,269,8.4,3244,3027,217,6.7,3213,3016,197,6.1
"2207","41025",3507,3302,205,5.8,3564,3379,185,5.2,3641,3424,217,6,3782,3587,195,5.2,3807,3622,185,4.9
"2208","41027",14362,13899,463,3.2,14387,13938,449,3.1,14116,13231,885,6.3,14464,13808,656,4.5,14322,13810,512,3.6
"2209","41029",103416,98626,4790,4.6,103404,98980,4424,4.3,105244,97021,8223,7.8,107177,101312,5865,5.5,106841,101844,4997,4.7
"2210","41031",10095,9560,535,5.3,10117,9611,506,5,10335,9483,852,8.2,10478,9803,675,6.4,10303,9735,568,5.5
"2211","41033",35334,33430,1904,5.4,35669,33923,1746,4.9,36155,33293,2862,7.9,36787,34503,2284,6.2,36805,34760,2045,5.6
"2212","41035",29313,27503,1810,6.2,29326,27551,1775,6.1,29562,26984,2578,8.7,29882,27876,2006,6.7,30314,28496,1818,6
"2213","41037",3550,3357,193,5.4,3606,3414,192,5.3,3661,3454,207,5.7,3734,3528,206,5.5,3694,3493,201,5.4
"2214","41039",179852,172045,7807,4.3,180006,172825,7181,4,179364,165245,14119,7.9,182572,172491,10081,5.5,183397,175024,8373,4.6
"2215","41041",20884,19898,986,4.7,20756,19869,887,4.3,20778,18526,2252,10.8,21148,19726,1422,6.7,21012,19922,1090,5.2
"2216","41043",58282,55615,2667,4.6,58501,55999,2502,4.3,59208,54623,4585,7.7,60734,57327,3407,5.6,61677,58834,2843,4.6
"2217","41045",12338,11789,549,4.4,12268,11771,497,4.1,12594,11932,662,5.3,12744,12181,563,4.4,12682,12126,556,4.4
"2218","41047",159734,153070,6664,4.2,161442,155191,6251,3.9,162817,151478,11339,7,167391,158816,8575,5.1,170317,163052,7265,4.3
"2219","41049",5690,5452,238,4.2,5742,5509,233,4.1,5760,5462,298,5.2,5951,5674,277,4.7,5997,5750,247,4.1
"2220","41051",448830,432782,16048,3.6,451303,436664,14639,3.2,456648,417349,39299,8.6,461480,436178,25302,5.5,469056,450658,18398,3.9
"2221","41053",39355,37688,1667,4.2,40014,38417,1597,4,40709,38055,2654,6.5,41967,39916,2051,4.9,42727,40924,1803,4.2
"2222","41055",892,857,35,3.9,925,893,32,3.5,979,918,61,6.2,965,923,42,4.4,961,929,32,3.3
"2223","41057",11752,11253,499,4.2,11851,11398,453,3.8,11876,10923,953,8,12164,11496,668,5.5,12164,11625,539,4.4
"2224","41059",36238,34503,1735,4.8,36589,34853,1736,4.7,36906,34391,2515,6.8,37606,35621,1985,5.3,38062,36310,1752,4.6
"2225","41061",11854,11236,618,5.2,11952,11383,569,4.8,12031,11085,946,7.9,12214,11529,685,5.6,12209,11630,579,4.7
"2226","41063",3374,3178,196,5.8,3419,3224,195,5.7,3467,3220,247,7.1,3609,3411,198,5.5,3615,3419,196,5.4
"2227","41065",13250,12701,549,4.1,13353,12813,540,4,13468,12513,955,7.1,13643,12929,714,5.2,13505,12923,582,4.3
"2228","41067",320117,309314,10803,3.4,323903,314017,9886,3.1,321086,300213,20873,6.5,327552,313117,14435,4.4,335323,323660,11663,3.5
"2229","41069",716,692,24,3.4,709,679,30,4.2,696,665,31,4.5,724,700,24,3.3,740,715,25,3.4
"2230","41071",54025,52068,1957,3.6,54347,52520,1827,3.4,54212,50548,3664,6.8,55337,52696,2641,4.8,56468,54288,2180,3.9
"2231","42001",55828,53941,1887,3.4,56094,54261,1833,3.3,54895,51175,3720,6.8,54751,52434,2317,4.2,54793,52971,1822,3.3
"2232","42003",652586,625456,27130,4.2,657807,630855,26952,4.1,647360,589879,57481,8.9,634367,597797,36570,5.8,631720,605146,26574,4.2
"2233","42005",32460,30781,1679,5.2,32508,30864,1644,5.1,31865,28795,3070,9.6,31432,29175,2257,7.2,31170,29531,1639,5.3
"2234","42007",84648,80676,3972,4.7,84960,81133,3827,4.5,84078,75564,8514,10.1,82117,76567,5550,6.8,81913,77524,4389,5.4
"2235","42009",23960,22852,1108,4.6,23924,22809,1115,4.7,24062,21937,2125,8.8,23907,22556,1351,5.7,24388,23292,1096,4.5
"2236","42011",215545,206294,9251,4.3,218371,208900,9471,4.3,216006,195897,20109,9.3,212766,199614,13152,6.2,213839,204613,9226,4.3
"2237","42013",60159,57554,2605,4.3,60405,57702,2703,4.5,60336,55190,5146,8.5,59495,56103,3392,5.7,59014,56375,2639,4.5
"2238","42015",29202,27888,1314,4.5,29079,27816,1263,4.3,28615,26507,2108,7.4,28112,26613,1499,5.3,28086,26897,1189,4.2
"2239","42017",344949,331579,13370,3.9,349374,336057,13317,3.8,345202,317151,28051,8.1,345392,328006,17386,5,350904,337536,13368,3.8
"2240","42019",100464,96447,4017,4,101388,97467,3921,3.9,99879,92254,7625,7.6,98771,93483,5288,5.4,98743,94625,4118,4.2
"2241","42021",58942,55793,3149,5.3,58611,55508,3103,5.3,57252,51908,5344,9.3,55886,52151,3735,6.7,55389,52414,2975,5.4
"2242","42023",2163,2052,111,5.1,2118,1994,124,5.9,2073,1819,254,12.3,2012,1865,147,7.3,1946,1835,111,5.7
"2243","42025",32119,30450,1669,5.2,32576,30832,1744,5.4,32118,29037,3081,9.6,32186,30134,2052,6.4,32539,30884,1655,5.1
"2244","42027",80581,77884,2697,3.3,81014,78319,2695,3.3,78001,73549,4452,5.7,76636,73253,3383,4.4,78053,75238,2815,3.6
"2245","42029",286243,276901,9342,3.3,291459,282238,9221,3.2,286697,268662,18035,6.3,288974,277371,11603,4,295146,285697,9449,3.2
"2246","42031",17614,16742,872,5,17304,16462,842,4.9,17076,15690,1386,8.1,16695,15662,1033,6.2,16107,15272,835,5.2
"2247","42033",36173,34316,1857,5.1,36406,34526,1880,5.2,36259,32991,3268,9,35741,33360,2381,6.7,35210,33324,1886,5.4
"2248","42035",18587,17572,1015,5.5,18531,17533,998,5.4,17994,16459,1535,8.5,17328,16227,1101,6.4,17010,16101,909,5.3
"2249","42037",33903,32249,1654,4.9,33902,32298,1604,4.7,33949,31250,2699,8,33674,31803,1871,5.6,33958,32434,1524,4.5
"2250","42039",39379,37483,1896,4.8,39109,37271,1838,4.7,38846,35461,3385,8.7,38086,35684,2402,6.3,37940,36124,1816,4.8
"2251","42041",132262,127723,4539,3.4,134507,129998,4509,3.4,133770,125046,8724,6.5,132981,127115,5866,4.4,135057,130440,4617,3.4
"2252","42043",144447,138536,5911,4.1,146373,140502,5871,4,147271,134404,12867,8.7,145287,136639,8648,6,146107,140276,5831,4
"2253","42045",299678,287274,12404,4.1,303714,291483,12231,4,300427,273338,27089,9,298233,280675,17558,5.9,301586,289105,12481,4.1
"2254","42047",16063,15428,635,4,15851,15091,760,4.8,15484,13636,1848,11.9,14964,13994,970,6.5,14659,13942,717,4.9
"2255","42049",130793,124466,6327,4.8,130605,124689,5916,4.5,129331,116878,12453,9.6,127008,118260,8748,6.9,125979,119735,6244,5
"2256","42051",57529,54067,3462,6,57580,54161,3419,5.9,57066,50467,6599,11.6,55721,51139,4582,8.2,55125,51763,3362,6.1
"2257","42053",1842,1724,118,6.4,1835,1710,125,6.8,1823,1634,189,10.4,1753,1615,138,7.9,1693,1583,110,6.5
"2258","42055",77905,74937,2968,3.8,78693,75691,3002,3.8,78906,73032,5874,7.4,77772,73964,3808,4.9,78065,75180,2885,3.7
"2259","42057",7921,7598,323,4.1,7804,7456,348,4.5,7535,6653,882,11.7,7147,6721,426,6,7209,6911,298,4.1
"2260","42059",16801,15960,841,5,16826,15970,856,5.1,16227,14677,1550,9.6,15804,14715,1089,6.9,15490,14664,826,5.3
"2261","42061",20054,18959,1095,5.5,20153,18970,1183,5.9,19910,17855,2055,10.3,19323,17984,1339,6.9,19287,18201,1086,5.6
"2262","42063",39255,37269,1986,5.1,39560,37578,1982,5,38312,34894,3418,8.9,37315,34798,2517,6.7,36387,34443,1944,5.3
"2263","42065",20768,19775,993,4.8,20820,19841,979,4.7,20448,18689,1759,8.6,19755,18527,1228,6.2,19465,18518,947,4.9
"2264","42067",12612,12089,523,4.1,12769,12207,562,4.4,12809,11910,899,7,12598,11994,604,4.8,12436,11902,534,4.3
"2265","42069",106616,101588,5028,4.7,106490,101312,5178,4.9,105507,95532,9975,9.5,103916,97207,6709,6.5,105154,100191,4963,4.7
"2266","42071",285747,275761,9986,3.5,289026,279104,9922,3.4,286983,265888,21095,7.4,287023,273538,13485,4.7,290028,279806,10222,3.5
"2267","42073",41308,39144,2164,5.2,41219,39120,2099,5.1,40962,36800,4162,10.2,39804,36946,2858,7.2,39356,37233,2123,5.4
"2268","42075",72117,69312,2805,3.9,73293,70451,2842,3.9,73360,67655,5705,7.8,73148,69346,3802,5.2,73390,70653,2737,3.7
"2269","42077",193431,184266,9165,4.7,196134,187328,8806,4.5,195716,177313,18403,9.4,196664,184063,12601,6.4,197173,188561,8612,4.4
"2270","42079",159889,150991,8898,5.6,160335,151281,9054,5.6,160151,142941,17210,10.7,157636,145451,12185,7.7,158322,149895,8427,5.3
"2271","42081",58033,55172,2861,4.9,57660,54899,2761,4.8,57031,52099,4932,8.6,55641,52102,3539,6.4,55176,52561,2615,4.7
"2272","42083",18040,17147,893,5,17545,16627,918,5.2,17400,15726,1674,9.6,17085,15966,1119,6.5,16905,15998,907,5.4
"2273","42085",50553,48103,2450,4.8,49642,47237,2405,4.8,48918,44264,4654,9.5,48229,44991,3238,6.7,47778,45389,2389,5
"2274","42087",21035,20021,1014,4.8,21318,20330,988,4.6,21435,19657,1778,8.3,21077,19861,1216,5.8,21017,20015,1002,4.8
"2275","42089",83383,78791,4592,5.5,84411,79896,4515,5.3,83158,73777,9381,11.3,82205,76280,5925,7.2,82484,77767,4717,5.7
"2276","42091",455906,439763,16143,3.5,462981,446861,16120,3.5,457250,423171,34079,7.5,459375,437689,21686,4.7,466848,450573,16275,3.5
"2277","42093",9206,8876,330,3.6,9282,8952,330,3.6,9146,8589,557,6.1,9118,8739,379,4.2,9234,8917,317,3.4
"2278","42095",161674,154309,7365,4.6,163881,156600,7281,4.4,162165,147927,14238,8.8,162767,153557,9210,5.7,164277,157321,6956,4.2
"2279","42097",43629,41279,2350,5.4,43703,41270,2433,5.6,42997,39037,3960,9.2,42465,39748,2717,6.4,42274,40181,2093,5
"2280","42099",24532,23587,945,3.9,24815,23900,915,3.7,24458,22834,1624,6.6,24284,23194,1090,4.5,24696,23798,898,3.6
"2281","42101",718980,677970,41010,5.7,733180,692844,40336,5.5,739327,648806,90521,12.2,724116,662481,61635,8.5,731792,692255,39537,5.4
"2282","42103",25438,24050,1388,5.5,25710,24293,1417,5.5,25565,22926,2639,10.3,25388,23643,1745,6.9,25792,24337,1455,5.6
"2283","42105",7267,6868,399,5.5,7321,6894,427,5.8,7321,6652,669,9.1,7116,6650,466,6.5,6900,6495,405,5.9
"2284","42107",66933,63372,3561,5.3,67377,63750,3627,5.4,67295,61177,6118,9.1,65787,61582,4205,6.4,65931,62665,3266,5
"2285","42109",20557,19717,840,4.1,20350,19252,1098,5.4,19744,18265,1479,7.5,19737,18760,977,5,19713,18869,844,4.3
"2286","42111",33962,32177,1785,5.3,33903,32109,1794,5.3,33302,30220,3082,9.3,32839,30738,2101,6.4,32520,30758,1762,5.4
"2287","42113",2722,2583,139,5.1,2688,2548,140,5.2,2627,2407,220,8.4,2574,2394,180,7,2551,2417,134,5.3
"2288","42115",20712,19861,851,4.1,20792,19902,890,4.3,20129,18683,1446,7.2,20147,19097,1050,5.2,20225,19369,856,4.2
"2289","42117",19076,18062,1014,5.3,19260,18246,1014,5.3,19198,17498,1700,8.9,19028,17832,1196,6.3,19009,18072,937,4.9
"2290","42119",19847,19080,767,3.9,20174,19372,802,4,19654,18356,1298,6.6,19640,18759,881,4.5,19560,18803,757,3.9
"2291","42121",22715,21569,1146,5,22698,21610,1088,4.8,22517,20548,1969,8.7,22039,20613,1426,6.5,21409,20334,1075,5
"2292","42123",19290,18408,882,4.6,19187,18324,863,4.5,18955,17449,1506,7.9,18149,16991,1158,6.4,17650,16825,825,4.7
"2293","42125",107647,102859,4788,4.4,108564,103721,4843,4.5,107314,97436,9878,9.2,105345,98741,6604,6.3,104741,99939,4802,4.6
"2294","42127",22672,21569,1103,4.9,22776,21702,1074,4.7,22496,20476,2020,9,22588,21175,1413,6.3,22737,21586,1151,5.1
"2295","42129",182253,173957,8296,4.6,183160,174977,8183,4.5,179630,163589,16041,8.9,176380,165810,10570,6,175757,167758,7999,4.6
"2296","42131",13776,13134,642,4.7,13721,13056,665,4.8,13404,12297,1107,8.3,13306,12507,799,6,13535,12876,659,4.9
"2297","42133",237403,227951,9452,4,238988,229843,9145,3.8,237579,218905,18674,7.9,236762,224527,12235,5.2,238732,229672,9060,3.8
"2298","44001",26785,25864,921,3.4,26736,25938,798,3,26196,24253,1943,7.4,26539,25294,1245,4.7,26500,25810,690,2.6
"2299","44003",93461,90038,3423,3.7,93841,90855,2986,3.2,93322,85358,7964,8.5,93825,89024,4801,5.1,93535,90836,2699,2.9
"2300","44005",45604,43990,1614,3.5,45427,44025,1402,3.1,44717,41154,3563,8,45113,42921,2192,4.9,45058,43795,1263,2.8
"2301","44007",335492,320848,14644,4.4,337284,324402,12882,3.8,336486,303009,33477,9.9,335917,316021,19896,5.9,334104,322458,11646,3.5
"2302","44009",71322,68790,2532,3.6,71059,68856,2203,3.1,69465,64176,5289,7.6,70303,66921,3382,4.8,70259,68321,1938,2.8
"2303","45001",9726,9346,380,3.9,9837,9516,321,3.3,9753,9123,630,6.5,9576,9144,432,4.5,9433,9068,365,3.9
"2304","45003",72482,70108,2374,3.3,73536,71459,2077,2.8,73774,70180,3594,4.9,73577,71099,2478,3.4,73032,70726,2306,3.2
"2305","45005",2706,2554,152,5.6,2598,2462,136,5.2,2551,2314,237,9.3,2417,2234,183,7.6,2261,2133,128,5.7
"2306","45007",88195,85402,2793,3.2,89061,86708,2353,2.6,88599,83485,5114,5.8,89853,86551,3302,3.7,91417,88676,2741,3
"2307","45009",4902,4590,312,6.4,4837,4576,261,5.4,4751,4335,416,8.8,4614,4279,335,7.3,4523,4275,248,5.5
"2308","45011",8135,7755,380,4.7,7989,7657,332,4.2,7764,7206,558,7.2,7499,7025,474,6.3,7483,7134,349,4.7
"2309","45013",74326,71974,2352,3.2,75854,73870,1984,2.6,74825,70867,3958,5.3,75796,73183,2613,3.4,76398,73997,2401,3.1
"2310","45015",99412,96459,2953,3,103530,100968,2562,2.5,104256,98641,5615,5.4,106604,102766,3838,3.6,109632,106270,3362,3.1
"2311","45017",6378,6110,268,4.2,6414,6190,224,3.5,6351,5971,380,6,6394,6109,285,4.5,6397,6173,224,3.5
"2312","45019",202201,196676,5525,2.7,207018,202349,4669,2.3,206699,193983,12716,6.2,209826,202346,7480,3.6,215121,209190,5931,2.8
"2313","45021",24530,23657,873,3.6,24676,23942,734,3,24780,22847,1933,7.8,24690,23468,1222,4.9,24159,23168,991,4.1
"2314","45023",12814,12199,615,4.8,12946,12417,529,4.1,13178,12018,1160,8.8,13245,12490,755,5.7,13283,12717,566,4.3
"2315","45025",21419,20738,681,3.2,21570,20958,612,2.8,21335,20078,1257,5.9,21412,20463,949,4.4,21140,20385,755,3.6
"2316","45027",12295,11730,565,4.6,12404,11936,468,3.8,12460,11641,819,6.6,12392,11797,595,4.8,11942,11454,488,4.1
"2317","45029",16356,15716,640,3.9,16436,15928,508,3.1,16261,15299,962,5.9,16097,15401,696,4.3,15773,15221,552,3.5
"2318","45031",29459,28293,1166,4,29735,28747,988,3.3,29873,27993,1880,6.3,29726,28403,1323,4.5,29728,28674,1054,3.5
"2319","45033",12293,11713,580,4.7,12673,12167,506,4,12952,12178,774,6,13035,12293,742,5.7,12773,12187,586,4.6
"2320","45035",74698,72490,2208,3,76459,74601,1858,2.4,75938,71646,4292,5.7,77428,74645,2783,3.6,79480,77174,2306,2.9
"2321","45037",10392,10037,355,3.4,10518,10230,288,2.7,10370,9850,520,5,10324,9975,349,3.4,10237,9902,335,3.3
"2322","45039",9399,8823,576,6.1,9301,8895,406,4.4,9198,8477,721,7.8,9196,8673,523,5.7,9204,8771,433,4.7
"2323","45041",64887,62583,2304,3.6,65641,63767,1874,2.9,65524,61967,3557,5.4,65678,63043,2635,4,65938,63798,2140,3.2
"2324","45043",24816,23703,1113,4.5,25213,24287,926,3.7,25554,23685,1869,7.3,25745,24532,1213,4.7,25971,25001,970,3.7
"2325","45045",246359,239308,7051,2.9,250798,244821,5977,2.4,251538,237686,13852,5.5,255064,246447,8617,3.4,259853,252567,7286,2.8
"2326","45047",30323,29238,1085,3.6,30762,29839,923,3,30746,28836,1910,6.2,30179,28831,1348,4.5,29633,28542,1091,3.7
"2327","45049",8150,7878,272,3.3,8197,7983,214,2.6,7989,7607,382,4.8,7974,7692,282,3.5,7842,7615,227,2.9
"2328","45051",142044,136073,5971,4.2,144761,139608,5153,3.6,144541,132397,12144,8.4,147228,139869,7359,5,150593,144734,5859,3.9
"2329","45053",12111,11754,357,2.9,12607,12294,313,2.5,12802,12168,634,5,13063,12619,444,3.4,13170,12768,402,3.1
"2330","45055",28269,27286,983,3.5,28802,27977,825,2.9,28881,27390,1491,5.2,29098,28026,1072,3.7,29308,28349,959,3.3
"2331","45057",39292,37832,1460,3.7,40905,39563,1342,3.3,42247,39455,2792,6.6,42882,41051,1831,4.3,43389,41829,1560,3.6
"2332","45059",29206,28182,1024,3.5,29391,28538,853,2.9,29339,27378,1961,6.7,29640,28382,1258,4.2,30069,29056,1013,3.4
"2333","45061",6425,6136,289,4.5,6436,6187,249,3.9,6664,6168,496,7.4,6554,6198,356,5.4,6380,6083,297,4.7
"2334","45063",144903,140826,4077,2.8,147416,144058,3358,2.3,147870,141631,6239,4.2,149564,145042,4522,3,150901,146865,4036,2.7
"2335","45065",3323,3209,114,3.4,3309,3210,99,3,3279,3066,213,6.5,3331,3174,157,4.7,3450,3327,123,3.6
"2336","45067",12611,11928,683,5.4,12693,12157,536,4.2,12959,11974,985,7.6,12848,12027,821,6.4,12602,11988,614,4.9
"2337","45069",8954,8511,443,4.9,8926,8510,416,4.7,9067,8208,859,9.5,8773,8122,651,7.4,8237,7704,533,6.5
"2338","45071",18505,17946,559,3,18702,18218,484,2.6,18832,17960,872,4.6,19161,18534,627,3.3,19056,18528,528,2.8
"2339","45073",33931,32813,1118,3.3,34189,33259,930,2.7,34254,32479,1775,5.2,33956,32729,1227,3.6,34008,32959,1049,3.1
"2340","45075",33581,31681,1900,5.7,33920,32352,1568,4.6,34021,31024,2997,8.8,33420,31124,2296,6.9,32653,31008,1645,5
"2341","45077",55561,53741,1820,3.3,56390,54835,1555,2.8,55676,52798,2878,5.2,56738,54779,1959,3.5,57944,56147,1797,3.1
"2342","45079",192265,185747,6518,3.4,193393,188131,5262,2.7,194541,183448,11093,5.7,195793,187847,7946,4.1,196833,190394,6439,3.3
"2343","45081",8577,8315,262,3.1,8624,8400,224,2.6,8335,7987,348,4.2,8390,8126,264,3.1,8383,8143,240,2.9
"2344","45083",146428,141962,4466,3,151786,148026,3760,2.5,155960,146077,9883,6.3,154865,148786,6079,3.9,154045,149194,4851,3.1
"2345","45085",42749,41057,1692,4,42546,41144,1402,3.3,42946,40147,2799,6.5,42541,40615,1926,4.5,41872,40268,1604,3.8
"2346","45087",11159,10702,457,4.1,11298,10914,384,3.4,11452,10431,1021,8.9,11341,10630,711,6.3,11188,10661,527,4.7
"2347","45089",11855,11218,637,5.4,11778,11256,522,4.4,11483,10560,923,8,11081,10420,661,6,10762,10249,513,4.8
"2348","45091",133626,129360,4266,3.2,138627,134896,3731,2.7,142861,134514,8347,5.8,145367,140074,5293,3.6,147487,142858,4629,3.1
"2349","46003",1560,1518,42,2.7,1514,1479,35,2.3,1473,1430,43,2.9,1486,1456,30,2,1491,1463,28,1.9
"2350","46005",9559,9325,234,2.4,9584,9330,254,2.7,9366,9040,326,3.5,9289,9063,226,2.4,9285,9105,180,1.9
"2351","46007",1076,1032,44,4.1,1076,1026,50,4.6,1077,1027,50,4.6,1055,1017,38,3.6,1071,1036,35,3.3
"2352","46009",2870,2803,67,2.3,2862,2787,75,2.6,2855,2750,105,3.7,2828,2759,69,2.4,2842,2788,54,1.9
"2353","46011",19038,18535,503,2.6,19092,18564,528,2.8,18520,17783,737,4,18601,18091,510,2.7,19113,18717,396,2.1
"2354","46013",20845,20304,541,2.6,20749,20209,540,2.6,20588,19766,822,4,20561,20032,529,2.6,20078,19626,452,2.3
"2355","46015",2507,2445,62,2.5,2447,2381,66,2.7,2472,2372,100,4,2568,2513,55,2.1,2657,2612,45,1.7
"2356","46017",707,668,39,5.5,671,634,37,5.5,691,640,51,7.4,699,667,32,4.6,731,698,33,4.5
"2357","46019",5044,4891,153,3,5064,4918,146,2.9,4991,4746,245,4.9,5022,4877,145,2.9,5029,4931,98,1.9
"2358","46021",784,755,29,3.7,770,746,24,3.1,784,759,25,3.2,773,752,21,2.7,772,752,20,2.6
"2359","46023",3838,3726,112,2.9,3756,3637,119,3.2,3776,3558,218,5.8,3808,3688,120,3.2,3815,3728,87,2.3
"2360","46025",1907,1837,70,3.7,1906,1841,65,3.4,2156,2078,78,3.6,1934,1872,62,3.2,1953,1908,45,2.3
"2361","46027",7253,7061,192,2.6,7430,7221,209,2.8,7157,6861,296,4.1,7337,7150,187,2.5,7377,7219,158,2.1
"2362","46029",15352,14926,426,2.8,15533,15116,417,2.7,15466,14776,690,4.5,15716,15302,414,2.6,15970,15650,320,2
"2363","46031",1387,1335,52,3.7,1349,1283,66,4.9,1323,1264,59,4.5,1309,1257,52,4,1282,1244,38,3
"2364","46033",3999,3849,150,3.8,4075,3921,154,3.8,4048,3824,224,5.5,4135,3993,142,3.4,4228,4108,120,2.8
"2365","46035",11039,10774,265,2.4,11073,10798,275,2.5,10943,10528,415,3.8,10956,10696,260,2.4,11074,10866,208,1.9
"2366","46037",2781,2671,110,4,2736,2629,107,3.9,2695,2556,139,5.2,2679,2582,97,3.6,2685,2604,81,3
"2367","46039",2162,2074,88,4.1,2176,2086,90,4.1,2327,2215,112,4.8,2294,2211,83,3.6,2300,2233,67,2.9
"2368","46041",2212,2033,179,8.1,2209,2053,156,7.1,2306,2149,157,6.8,2270,2158,112,4.9,2289,2158,131,5.7
"2369","46043",1567,1529,38,2.4,1574,1535,39,2.5,1552,1511,41,2.6,1536,1504,32,2.1,1516,1486,30,2
"2370","46045",2063,2013,50,2.4,2036,1983,53,2.6,1990,1938,52,2.6,2015,1970,45,2.2,1995,1957,38,1.9
"2371","46047",3003,2899,104,3.5,2985,2877,108,3.6,3013,2850,163,5.4,3081,2975,106,3.4,3069,2997,72,2.3
"2372","46049",1095,1065,30,2.7,1053,1024,29,2.8,1037,1004,33,3.2,1056,1032,24,2.3,1085,1063,22,2
"2373","46051",4442,4311,131,2.9,4423,4296,127,2.9,4371,4213,158,3.6,4354,4227,127,2.9,4388,4276,112,2.6
"2374","46053",2043,1981,62,3,2032,1972,60,3,2043,1973,70,3.4,2079,2030,49,2.4,2137,2097,40,1.9
"2375","46055",1071,1045,26,2.4,1050,1023,27,2.6,1058,1034,24,2.3,1045,1020,25,2.4,1079,1059,20,1.9
"2376","46057",3246,3152,94,2.9,3319,3226,93,2.8,3365,3260,105,3.1,3478,3400,78,2.2,3586,3516,70,2
"2377","46059",1811,1773,38,2.1,1773,1732,41,2.3,1751,1709,42,2.4,1752,1716,36,2.1,1784,1753,31,1.7
"2378","46061",1749,1674,75,4.3,1777,1706,71,4,1758,1677,81,4.6,1764,1704,60,3.4,1788,1741,47,2.6
"2379","46063",731,714,17,2.3,739,721,18,2.4,720,697,23,3.2,714,697,17,2.4,749,734,15,2
"2380","46065",9893,9661,232,2.3,9982,9756,226,2.3,9883,9583,300,3,9924,9717,207,2.1,9907,9740,167,1.7
"2381","46067",3575,3485,90,2.5,3593,3499,94,2.6,3611,3488,123,3.4,3611,3515,96,2.7,3621,3539,82,2.3
"2382","46069",678,660,18,2.7,688,668,20,2.9,669,650,19,2.8,655,640,15,2.3,658,644,14,2.1
"2383","46071",1280,1222,58,4.5,1270,1210,60,4.7,1208,1162,46,3.8,1218,1172,46,3.8,1222,1185,37,3
"2384","46073",1116,1091,25,2.2,1120,1094,26,2.3,1199,1172,27,2.3,1338,1315,23,1.7,1336,1318,18,1.3
"2385","46075",553,540,13,2.4,539,525,14,2.6,523,505,18,3.4,521,507,14,2.7,523,510,13,2.5
"2386","46077",2659,2588,71,2.7,2673,2603,70,2.6,2676,2587,89,3.3,2728,2661,67,2.5,2805,2752,53,1.9
"2387","46079",6642,6434,208,3.1,6646,6445,201,3,6466,6243,223,3.4,6563,6393,170,2.6,6713,6575,138,2.1
"2388","46081",13065,12713,352,2.7,13401,13037,364,2.7,13572,12799,773,5.7,13839,13479,360,2.6,14136,13866,270,1.9
"2389","46083",33888,33163,725,2.1,35731,34956,775,2.2,36269,35075,1194,3.3,36938,36163,775,2.1,37557,36938,619,1.6
"2390","46085",1696,1631,65,3.8,1679,1611,68,4.1,1668,1580,88,5.3,1680,1616,64,3.8,1687,1644,43,2.5
"2391","46087",3043,2972,71,2.3,3085,3009,76,2.5,2998,2896,102,3.4,3059,2987,72,2.4,3116,3063,53,1.7
"2392","46089",1022,986,36,3.5,997,961,36,3.6,996,949,47,4.7,967,933,34,3.5,977,951,26,2.7
"2393","46091",2423,2337,86,3.5,2359,2284,75,3.2,2421,2317,104,4.3,2423,2350,73,3,2485,2416,69,2.8
"2394","46093",14006,13578,428,3.1,13979,13550,429,3.1,13875,13246,629,4.5,14224,13855,369,2.6,14501,14200,301,2.1
"2395","46095",747,714,33,4.4,741,705,36,4.9,712,671,41,5.8,726,698,28,3.9,750,727,23,3.1
"2396","46097",1194,1164,30,2.5,1175,1144,31,2.6,1149,1099,50,4.4,1169,1138,31,2.7,1227,1204,23,1.9
"2397","46099",110680,107997,2683,2.4,112478,109726,2752,2.4,113426,108738,4688,4.1,114910,112108,2802,2.4,116647,114479,2168,1.9
"2398","46101",4006,3896,110,2.7,4047,3923,124,3.1,4024,3834,190,4.7,4012,3917,95,2.4,4015,3926,89,2.2
"2399","46102",3553,3213,340,9.6,3529,3236,293,8.3,3779,3444,335,8.9,3861,3576,285,7.4,3778,3592,186,4.9
"2400","46103",56100,54510,1590,2.8,57047,55394,1653,2.9,57414,54643,2771,4.8,58741,57140,1601,2.7,59759,58547,1212,2
"2401","46105",1442,1405,37,2.6,1416,1379,37,2.6,1373,1328,45,3.3,1396,1360,36,2.6,1431,1401,30,2.1
"2402","46107",1090,1055,35,3.2,1034,1006,28,2.7,1025,995,30,2.9,1055,1028,27,2.6,1045,1021,24,2.3
"2403","46109",4835,4644,191,4,4823,4647,176,3.6,4824,4545,279,5.8,4693,4509,184,3.9,4625,4472,153,3.3
"2404","46111",1150,1119,31,2.7,1138,1109,29,2.5,1161,1118,43,3.7,1187,1156,31,2.6,1210,1185,25,2.1
"2405","46115",3238,3133,105,3.2,3172,3080,92,2.9,3095,2982,113,3.7,3079,2995,84,2.7,3045,2972,73,2.4
"2406","46117",1835,1791,44,2.4,1899,1851,48,2.5,1915,1848,67,3.5,1925,1876,49,2.5,1929,1893,36,1.9
"2407","46119",807,787,20,2.5,801,781,20,2.5,792,772,20,2.5,812,786,26,3.2,815,802,13,1.6
"2408","46121",3130,2952,178,5.7,3146,2973,173,5.5,3059,2880,179,5.9,3054,2928,126,4.1,3017,2904,113,3.7
"2409","46123",3103,3032,71,2.3,3069,2994,75,2.4,3004,2920,84,2.8,3018,2958,60,2,3083,3031,52,1.7
"2410","46125",4653,4536,117,2.5,4657,4535,122,2.6,4579,4413,166,3.6,4665,4559,106,2.3,4761,4672,89,1.9
"2411","46127",8400,8157,243,2.9,8626,8378,248,2.9,8650,8253,397,4.6,8646,8384,262,3,8698,8506,192,2.2
"2412","46129",2211,2111,100,4.5,2106,2008,98,4.7,2127,2010,117,5.5,2158,2057,101,4.7,2110,2036,74,3.5
"2413","46135",11831,11545,286,2.4,11928,11638,290,2.4,11750,11260,490,4.2,11650,11377,273,2.3,11717,11504,213,1.8
"2414","46137",921,877,44,4.8,932,888,44,4.7,947,908,39,4.1,949,912,37,3.9,950,915,35,3.7
"2415","47001",34240,32955,1285,3.8,34757,33538,1219,3.5,34361,32045,2316,6.7,34770,33362,1408,4,35280,34107,1173,3.3
"2416","47003",20773,19996,777,3.7,21119,20339,780,3.7,21064,19383,1681,8,21218,20299,919,4.3,21523,20792,731,3.4
"2417","47005",6897,6561,336,4.9,6916,6612,304,4.4,6789,6250,539,7.9,6757,6417,340,5,6755,6477,278,4.1
"2418","47007",4230,3981,249,5.9,4330,4097,233,5.4,4295,3933,362,8.4,4301,4064,237,5.5,4361,4130,231,5.3
"2419","47009",62683,60671,2012,3.2,64188,62173,2015,3.1,63802,59728,4074,6.4,64485,62134,2351,3.6,65542,63500,2042,3.1
"2420","47011",50547,48746,1801,3.6,52521,50735,1786,3.4,52621,49160,3461,6.6,50688,48505,2183,4.3,50242,48430,1812,3.6
"2421","47013",14666,13968,698,4.8,14895,14220,675,4.5,14599,13493,1106,7.6,14785,14042,743,5,14962,14344,618,4.1
"2422","47015",6428,6226,202,3.1,6665,6463,202,3,6531,6104,427,6.5,6651,6412,239,3.6,6863,6655,208,3
"2423","47017",12042,11451,591,4.9,12037,11465,572,4.8,11436,10586,850,7.4,11572,11023,549,4.7,11696,11243,453,3.9
"2424","47019",23870,22884,986,4.1,24133,23168,965,4,23702,22081,1621,6.8,24098,23032,1066,4.4,24060,23185,875,3.6
"2425","47021",21354,20768,586,2.7,21923,21352,571,2.6,21386,20166,1220,5.7,21988,21264,724,3.3,22607,22006,601,2.7
"2426","47023",8506,8189,317,3.7,8612,8321,291,3.4,8481,8010,471,5.6,8605,8309,296,3.4,8540,8286,254,3
"2427","47025",12985,12436,549,4.2,13123,12581,542,4.1,12794,11843,951,7.4,12757,12204,553,4.3,12812,12322,490,3.8
"2428","47027",2872,2732,140,4.9,2788,2624,164,5.9,2706,2496,210,7.8,2754,2602,152,5.5,2785,2656,129,4.6
"2429","47029",14909,14215,694,4.7,15049,14373,676,4.5,14878,13336,1542,10.4,14732,13877,855,5.8,14656,13905,751,5.1
"2430","47031",24801,23928,873,3.5,25711,24865,846,3.3,25701,23653,2048,8,25219,24136,1083,4.3,25119,24273,846,3.4
"2431","47033",6955,6687,268,3.9,6987,6748,239,3.4,6833,6440,393,5.8,6907,6649,258,3.7,6845,6628,217,3.2
"2432","47035",23342,22325,1017,4.4,23477,22428,1049,4.5,22807,21086,1721,7.5,22785,21650,1135,5,23297,22305,992,4.3
"2433","47037",394302,383886,10416,2.6,403494,393375,10119,2.5,399872,366810,33062,8.3,404212,386522,17690,4.4,412906,401294,11612,2.8
"2434","47039",4498,4273,225,5,4558,4316,242,5.3,4446,4063,383,8.6,4314,4055,259,6,4402,4205,197,4.5
"2435","47041",7759,7413,346,4.5,7806,7469,337,4.3,7683,6983,700,9.1,7771,7402,369,4.7,7975,7675,300,3.8
"2436","47043",26347,25550,797,3,27182,26373,809,3,26369,24793,1576,6,27058,26091,967,3.6,27918,27093,825,3
"2437","47045",16198,15461,737,4.5,16440,15652,788,4.8,15926,14664,1262,7.9,16270,15492,778,4.8,16521,15931,590,3.6
"2438","47047",18995,18291,704,3.7,19567,18868,699,3.6,19217,18020,1197,6.2,19264,18428,836,4.3,19197,18524,673,3.5
"2439","47049",7199,6902,297,4.1,7522,7210,312,4.1,7527,7054,473,6.3,7545,7225,320,4.2,7707,7416,291,3.8
"2440","47051",19878,19209,669,3.4,20255,19583,672,3.3,19918,18316,1602,8,19434,18642,792,4.1,19165,18489,676,3.5
"2441","47053",21857,20909,948,4.3,22050,21128,922,4.2,21821,20340,1481,6.8,21623,20654,969,4.5,21566,20803,763,3.5
"2442","47055",15295,14740,555,3.6,15063,14494,569,3.8,14653,13431,1222,8.3,14698,14032,666,4.5,14891,14403,488,3.3
"2443","47057",9376,9007,369,3.9,9566,9184,382,4,9499,8821,678,7.1,9593,9166,427,4.5,9725,9352,373,3.8
"2444","47059",29846,28471,1375,4.6,29879,28511,1368,4.6,28923,26566,2357,8.1,28861,27530,1331,4.6,28801,27655,1146,4
"2445","47061",4897,4682,215,4.4,5017,4812,205,4.1,5133,4622,511,10,4989,4702,287,5.8,4927,4704,223,4.5
"2446","47063",27568,26519,1049,3.8,28221,27147,1074,3.8,27963,25978,1985,7.1,27849,26671,1178,4.2,28128,27104,1024,3.6
"2447","47065",181013,174923,6090,3.4,185392,179472,5920,3.2,183241,170226,13015,7.1,181876,174071,7805,4.3,183056,176782,6274,3.4
"2448","47067",2126,2023,103,4.8,2128,2005,123,5.8,2196,2016,180,8.2,2260,2146,114,5,2276,2181,95,4.2
"2449","47069",9374,8917,457,4.9,9501,9034,467,4.9,9298,8559,739,7.9,8976,8415,561,6.3,8932,8556,376,4.2
"2450","47071",10339,9889,450,4.4,10384,9947,437,4.2,10270,9556,714,7,10245,9762,483,4.7,10064,9660,404,4
"2451","47073",23764,22822,942,4,23944,22972,972,4.1,23412,21611,1801,7.7,23084,22002,1082,4.7,23161,22260,901,3.9
"2452","47075",7734,7325,409,5.3,7726,7358,368,4.8,7786,7109,677,8.7,7648,7182,466,6.1,7554,7213,341,4.5
"2453","47077",12008,11447,561,4.7,12229,11699,530,4.3,11900,10942,958,8.1,11909,11364,545,4.6,11713,11286,427,3.6
"2454","47079",14238,13644,594,4.2,14194,13612,582,4.1,14150,13150,1000,7.1,13854,13260,594,4.3,13556,13016,540,4
"2455","47081",11165,10805,360,3.2,11447,11100,347,3,11109,10461,648,5.8,11436,11013,423,3.7,11742,11402,340,2.9
"2456","47083",3240,3064,176,5.4,3281,3133,148,4.5,3248,2996,252,7.8,3201,3039,162,5.1,3194,3055,139,4.4
"2457","47085",8838,8462,376,4.3,8971,8634,337,3.8,8699,8163,536,6.2,8629,8274,355,4.1,8632,8332,300,3.5
"2458","47087",4602,4387,215,4.7,4678,4466,212,4.5,4720,4346,374,7.9,4780,4562,218,4.6,4776,4591,185,3.9
"2459","47089",24114,23205,909,3.8,24738,23834,904,3.7,24967,23086,1881,7.5,24783,23707,1076,4.3,24998,24088,910,3.6
"2460","47091",7577,7315,262,3.5,7743,7478,265,3.4,7688,7204,484,6.3,7702,7414,288,3.7,7513,7258,255,3.4
"2461","47093",240790,233741,7049,2.9,245936,238896,7040,2.9,243456,229094,14362,5.9,246907,238402,8505,3.4,250987,243788,7199,2.9
"2462","47095",1805,1713,92,5.1,1732,1638,94,5.4,1681,1544,137,8.1,1666,1564,102,6.1,1628,1547,81,5
"2463","47097",9676,9118,558,5.8,9738,9218,520,5.3,9702,8850,852,8.8,9600,9002,598,6.2,9395,8955,440,4.7
"2464","47099",18472,17731,741,4,19228,18448,780,4.1,19274,17780,1494,7.8,19327,18451,876,4.5,19229,18560,669,3.5
"2465","47101",5068,4845,223,4.4,5214,5006,208,4,5348,4946,402,7.5,5546,5269,277,5,5563,5362,201,3.6
"2466","47103",16701,16194,507,3,16832,16235,597,3.5,15985,14638,1347,8.4,16273,15582,691,4.2,16608,16073,535,3.2
"2467","47105",23147,22366,781,3.4,23863,23066,797,3.3,23730,22248,1482,6.2,23933,23070,863,3.6,24373,23581,792,3.2
"2468","47107",22735,21809,926,4.1,23613,22730,883,3.7,23342,21516,1826,7.8,22523,21446,1077,4.8,21489,20619,870,4
"2469","47109",8292,7839,453,5.5,8470,8028,442,5.2,8364,7662,702,8.4,8358,7892,466,5.6,8382,7998,384,4.6
"2470","47111",10988,10638,350,3.2,11391,11042,349,3.1,11174,10444,730,6.5,11338,10900,438,3.9,11649,11292,357,3.1
"2471","47113",48705,46877,1828,3.8,49465,47735,1730,3.5,49434,45724,3710,7.5,49933,47600,2333,4.7,49127,47441,1686,3.4
"2472","47115",12329,11756,573,4.6,12617,12086,531,4.2,12284,11356,928,7.6,12179,11620,559,4.6,12271,11794,477,3.9
"2473","47117",15462,14929,533,3.4,15795,15243,552,3.5,15495,14078,1417,9.1,15554,14814,740,4.8,15607,15093,514,3.3
"2474","47119",48219,46671,1548,3.2,50339,48761,1578,3.1,51128,46995,4133,8.1,52069,49457,2612,5,52962,51352,1610,3
"2475","47121",5068,4837,231,4.6,5202,4970,232,4.5,5198,4746,452,8.7,5165,4901,264,5.1,5174,4948,226,4.4
"2476","47123",19990,19255,735,3.7,20333,19604,729,3.6,20174,18554,1620,8,20676,19849,827,4,20967,20244,723,3.4
"2477","47125",84069,80845,3224,3.8,86691,83458,3233,3.7,87044,80451,6593,7.6,87626,83472,4154,4.7,88027,84751,3276,3.7
"2478","47127",3500,3394,106,3,3630,3526,104,2.9,3615,3422,193,5.3,3574,3475,99,2.8,3687,3596,91,2.5
"2479","47129",7808,7459,349,4.5,7798,7482,316,4.1,7590,7109,481,6.3,7722,7370,352,4.6,7845,7546,299,3.8
"2480","47131",12277,11673,604,4.9,12496,11894,602,4.8,12180,11355,825,6.8,12384,11780,604,4.9,12696,12207,489,3.9
"2481","47133",9801,9434,367,3.7,9961,9588,373,3.7,9746,9132,614,6.3,9976,9597,379,3.8,9977,9639,338,3.4
"2482","47135",3252,3113,139,4.3,3121,2967,154,4.9,2964,2680,284,9.6,2875,2657,218,7.6,2765,2616,149,5.4
"2483","47137",2439,2346,93,3.8,2350,2242,108,4.6,2238,2104,134,6,2237,2148,89,4,2180,2097,83,3.8
"2484","47139",7304,6999,305,4.2,7459,7164,295,4,7390,6885,505,6.8,7103,6794,309,4.4,7045,6782,263,3.7
"2485","47141",34448,33223,1225,3.6,35198,33979,1219,3.5,35123,32848,2275,6.5,35474,34084,1390,3.9,35382,34192,1190,3.4
"2486","47143",13125,12391,734,5.6,13376,12625,751,5.6,13127,11864,1263,9.6,13539,12855,684,5.1,13880,13290,590,4.3
"2487","47145",23100,22152,948,4.1,23444,22505,939,4,22988,21528,1460,6.4,23345,22369,976,4.2,23755,22885,870,3.7
"2488","47147",37126,35963,1163,3.1,38295,37202,1093,2.9,37244,34961,2283,6.1,38020,36690,1330,3.5,39207,38096,1111,2.8
"2489","47149",179574,174763,4811,2.7,187529,182766,4763,2.5,186995,173908,13087,7,189949,183066,6883,3.6,195582,190279,5303,2.7
"2490","47151",8281,7915,366,4.4,8410,8048,362,4.3,8158,7469,689,8.4,8044,7615,429,5.3,8108,7712,396,4.9
"2491","47153",6098,5836,262,4.3,6250,5991,259,4.1,6171,5691,480,7.8,6119,5831,288,4.7,6161,5907,254,4.1
"2492","47155",53231,51390,1841,3.5,55060,53280,1780,3.2,54138,48854,5284,9.8,54780,52532,2248,4.1,54967,53233,1734,3.2
"2493","47157",442077,423796,18281,4.1,448428,430717,17711,3.9,448020,404948,43072,9.6,446842,415557,31285,7,437751,417985,19766,4.5
"2494","47159",9215,8936,279,3,9521,9238,283,3,9248,8686,562,6.1,9461,9127,334,3.5,9753,9463,290,3
"2495","47161",5301,5040,261,4.9,5541,5297,244,4.4,5416,5072,344,6.4,5389,5155,234,4.3,5469,5258,211,3.9
"2496","47163",70406,67824,2582,3.7,70834,68252,2582,3.6,69339,64393,4946,7.1,68704,65648,3056,4.4,68794,66378,2416,3.5
"2497","47165",99853,97088,2765,2.8,104219,101459,2760,2.6,103528,96773,6755,6.5,105679,101971,3708,3.5,108770,105791,2979,2.7
"2498","47167",28007,26832,1175,4.2,28332,27248,1084,3.8,27648,25803,1845,6.7,27681,26429,1252,4.5,27585,26587,998,3.6
"2499","47169",5296,5126,170,3.2,5537,5371,166,3,5432,5091,341,6.3,5565,5350,215,3.9,5724,5553,171,3
"2500","47171",7043,6698,345,4.9,7183,6831,352,4.9,7027,6470,557,7.9,7063,6701,362,5.1,7061,6755,306,4.3
"2501","47173",7523,7219,304,4,7716,7408,308,4,7635,7112,523,6.9,7744,7415,329,4.2,7857,7560,297,3.8
"2502","47175",2063,1966,97,4.7,2063,1970,93,4.5,2015,1843,172,8.5,2020,1915,105,5.2,2058,1971,87,4.2
"2503","47177",16763,16100,663,4,16970,16287,683,4,17249,15717,1532,8.9,16724,15889,835,5,16402,15721,681,4.2
"2504","47179",60047,57934,2113,3.5,61016,58951,2065,3.4,60368,56545,3823,6.3,61175,58875,2300,3.8,61344,59362,1982,3.2
"2505","47181",6150,5855,295,4.8,6312,6024,288,4.6,6360,5925,435,6.8,6284,6015,269,4.3,6488,6195,293,4.5
"2506","47183",15973,15302,671,4.2,16115,15476,639,4,15481,14592,889,5.7,15484,14864,620,4,15294,14764,530,3.5
"2507","47185",12268,11828,440,3.6,12305,11857,448,3.6,12079,11225,854,7.1,11905,11415,490,4.1,12024,11604,420,3.5
"2508","47187",125209,122106,3103,2.5,131614,128447,3167,2.4,129525,123397,6128,4.7,133584,130048,3536,2.6,138115,134800,3315,2.4
"2509","47189",74736,72670,2066,2.8,78530,76445,2085,2.7,77975,73013,4962,6.4,79498,76809,2689,3.4,81932,79774,2158,2.6
"2510","48001",23221,22494,727,3.1,23271,22589,682,2.9,23007,21696,1311,5.7,23405,22268,1137,4.9,23086,22295,791,3.4
"2511","48003",9341,9115,226,2.4,9830,9605,225,2.3,9182,8427,755,8.2,9076,8557,519,5.7,9455,9154,301,3.2
"2512","48005",35781,34210,1571,4.4,35465,34044,1421,4,35400,32691,2709,7.7,35922,33606,2316,6.4,35480,33856,1624,4.6
"2513","48007",9498,8930,568,6,9206,8811,395,4.3,9159,8391,768,8.4,9274,8604,670,7.2,9294,8806,488,5.3
"2514","48009",4111,3984,127,3.1,3975,3862,113,2.8,3966,3757,209,5.3,4005,3834,171,4.3,4013,3878,135,3.4
"2515","48011",915,890,25,2.7,922,897,25,2.7,897,858,39,4.3,927,893,34,3.7,939,913,26,2.8
"2516","48013",21254,20446,808,3.8,21562,20785,777,3.6,21612,19761,1851,8.6,22051,20709,1342,6.1,22510,21604,906,4
"2517","48015",13760,13252,508,3.7,13859,13381,478,3.4,13443,12548,895,6.7,13784,13019,765,5.5,14123,13569,554,3.9
"2518","48017",2600,2485,115,4.4,2478,2387,91,3.7,2383,2269,114,4.8,2430,2308,122,5,2414,2312,102,4.2
"2519","48019",9864,9526,338,3.4,9965,9636,329,3.3,9931,9353,578,5.8,10311,9819,492,4.8,10624,10234,390,3.7
"2520","48021",41361,39954,1407,3.4,42337,41041,1296,3.1,42689,40111,2578,6,45560,43508,2052,4.5,48156,46546,1610,3.3
"2521","48023",1544,1494,50,3.2,1737,1698,39,2.2,1766,1706,60,3.4,1837,1774,63,3.4,1925,1873,52,2.7
"2522","48025",9867,9362,505,5.1,9742,9313,429,4.4,9808,8833,975,9.9,9358,8562,796,8.5,9159,8626,533,5.8
"2523","48027",141548,135639,5909,4.2,142600,137106,5494,3.9,144576,134426,10150,7,148428,139842,8586,5.8,149332,142742,6590,4.4
"2524","48029",929226,897864,31362,3.4,935537,906024,29513,3.2,933208,861839,71369,7.6,953045,902092,50953,5.3,978125,941971,36154,3.7
"2525","48031",6203,6039,164,2.6,6458,6300,158,2.4,6570,6316,254,3.9,6906,6673,233,3.4,7133,6934,199,2.8
"2526","48033",341,330,11,3.2,401,391,10,2.5,441,426,15,3.4,600,586,14,2.3,701,688,13,1.9
"2527","48035",8156,7851,305,3.7,8244,7962,282,3.4,8234,7783,451,5.5,8544,8151,393,4.6,8704,8383,321,3.7
"2528","48037",39187,37241,1946,5,39290,37542,1748,4.4,38646,35778,2868,7.4,38964,36664,2300,5.9,38577,36803,1774,4.6
"2529","48039",175264,167252,8012,4.6,178210,170680,7530,4.2,178396,163055,15341,8.6,181069,168804,12265,6.8,184468,176132,8336,4.5
"2530","48041",115607,112280,3327,2.9,117735,114547,3188,2.7,117019,110773,6246,5.3,123982,118912,5070,4.1,128477,124512,3965,3.1
"2531","48043",4014,3879,135,3.4,4155,4034,121,2.9,4093,3822,271,6.6,4233,4039,194,4.6,4233,4090,143,3.4
"2532","48045",555,533,22,4,574,553,21,3.7,552,526,26,4.7,585,557,28,4.8,603,582,21,3.5
"2533","48047",2434,2277,157,6.5,2595,2463,132,5.1,2588,2311,277,10.7,2508,2280,228,9.1,2381,2239,142,6
"2534","48049",15903,15306,597,3.8,15536,14958,578,3.7,15214,14226,988,6.5,15443,14637,806,5.2,15271,14609,662,4.3
"2535","48051",8163,7866,297,3.6,8210,7954,256,3.1,8122,7604,518,6.4,8589,8165,424,4.9,8857,8539,318,3.6
"2536","48053",22749,22087,662,2.9,23391,22752,639,2.7,23659,22531,1128,4.8,24809,23870,939,3.8,25614,24857,757,3
"2537","48055",18949,18252,697,3.7,19213,18558,655,3.4,18928,17696,1232,6.5,20192,19196,996,4.9,21275,20540,735,3.5
"2538","48057",11127,10667,460,4.1,12026,11639,387,3.2,11916,11220,696,5.8,12291,11685,606,4.9,12272,11822,450,3.7
"2539","48059",5939,5738,201,3.4,6009,5823,186,3.1,5978,5652,326,5.5,6177,5886,291,4.7,6279,6055,224,3.6
"2540","48061",164717,154504,10213,6.2,165254,156131,9123,5.5,170354,153091,17263,10.1,176318,162189,14129,8,177545,167496,10049,5.7
"2541","48063",4964,4719,245,4.9,4928,4721,207,4.2,4982,4613,369,7.4,5131,4827,304,5.9,5137,4908,229,4.5
"2542","48065",2972,2888,84,2.8,2955,2879,76,2.6,2871,2750,121,4.2,2979,2862,117,3.9,3016,2924,92,3.1
"2543","48067",12206,11586,620,5.1,12274,11743,531,4.3,12206,11237,969,7.9,12432,11608,824,6.6,12022,11461,561,4.7
"2544","48069",3438,3339,99,2.9,3389,3296,93,2.7,3268,3149,119,3.6,3400,3279,121,3.6,3351,3247,104,3.1
"2545","48071",19130,18092,1038,5.4,19746,18854,892,4.5,20331,18424,1907,9.4,20767,19080,1687,8.1,21015,19906,1109,5.3
"2546","48073",20744,19883,861,4.2,20835,20047,788,3.8,21108,19429,1679,8,20956,19622,1334,6.4,20574,19665,909,4.4
"2547","48075",2929,2851,78,2.7,2934,2854,80,2.7,3013,2901,112,3.7,3027,2916,111,3.7,3189,3099,90,2.8
"2548","48077",4889,4733,156,3.2,4870,4721,149,3.1,4800,4534,266,5.5,4866,4624,242,5,4867,4680,187,3.8
"2549","48079",1092,1044,48,4.4,1117,1079,38,3.4,1112,1032,80,7.2,1084,1016,68,6.3,1137,1082,55,4.8
"2550","48081",1444,1394,50,3.5,1439,1392,47,3.3,1361,1286,75,5.5,1386,1320,66,4.8,1535,1482,53,3.5
"2551","48083",2918,2802,116,4,2837,2721,116,4.1,2861,2650,211,7.4,2970,2793,177,6,3046,2914,132,4.3
"2552","48085",547338,528986,18352,3.4,567100,549597,17503,3.1,579363,543037,36326,6.3,600965,574762,26203,4.4,625323,605500,19823,3.2
"2553","48087",1173,1136,37,3.2,1137,1102,35,3.1,1067,1022,45,4.2,1100,1051,49,4.5,1091,1053,38,3.5
"2554","48089",9604,9285,319,3.3,9765,9461,304,3.1,9662,9124,538,5.6,9966,9488,478,4.8,10213,9854,359,3.5
"2555","48091",71836,69526,2310,3.2,75394,73152,2242,3,77273,72559,4714,6.1,79751,76112,3639,4.6,82222,79381,2841,3.5
"2556","48093",5332,5140,192,3.6,5535,5356,179,3.2,5617,5308,309,5.5,6061,5780,281,4.6,6323,6103,220,3.5
"2557","48095",1090,1050,40,3.7,1245,1205,40,3.2,1329,1269,60,4.5,1358,1300,58,4.3,1334,1292,42,3.1
"2558","48097",19031,18438,593,3.1,19667,19112,555,2.8,19229,17861,1368,7.1,19511,18522,989,5.1,20022,19350,672,3.4
"2559","48099",23719,22717,1002,4.2,23793,22846,947,4,23776,22199,1577,6.6,24505,23099,1406,5.7,24681,23578,1103,4.5
"2560","48101",527,504,23,4.4,545,522,23,4.2,567,539,28,4.9,638,609,29,4.5,862,839,23,2.7
"2561","48103",1767,1698,69,3.9,1553,1491,62,4,1623,1401,222,13.7,1630,1479,151,9.3,1627,1546,81,5
"2562","48105",1621,1573,48,3,1619,1571,48,3,1548,1410,138,8.9,1476,1378,98,6.6,1434,1377,57,4
"2563","48107",2467,2352,115,4.7,2439,2342,97,4,2291,2168,123,5.4,2396,2262,134,5.6,2424,2324,100,4.1
"2564","48109",968,938,30,3.1,1033,990,43,4.2,1127,1053,74,6.6,1076,1024,52,4.8,1153,1120,33,2.9
"2565","48111",4010,3928,82,2,3905,3828,77,2,3730,3627,103,2.8,3828,3724,104,2.7,3869,3778,91,2.4
"2566","48113",1326864,1276103,50761,3.8,1333255,1286431,46824,3.5,1330656,1226780,103876,7.8,1375488,1299051,76437,5.6,1420674,1368043,52631,3.7
"2567","48115",4530,4334,196,4.3,4584,4405,179,3.9,4569,4170,399,8.7,4636,4320,316,6.8,4538,4340,198,4.4
"2568","48117",8362,8126,236,2.8,8365,8136,229,2.7,8480,8174,306,3.6,8838,8509,329,3.7,9015,8747,268,3
"2569","48119",2428,2343,85,3.5,2420,2338,82,3.4,2391,2259,132,5.5,2461,2340,121,4.9,2515,2414,101,4
"2570","48121",480126,464644,15482,3.2,499264,484439,14825,3,511748,478783,32965,6.4,529962,506554,23408,4.4,551484,533815,17669,3.2
"2571","48123",9652,9347,305,3.2,9659,9404,255,2.6,9184,8626,558,6.1,9482,9020,462,4.9,9113,8801,312,3.4
"2572","48125",668,639,29,4.3,669,641,28,4.2,659,618,41,6.2,691,655,36,5.2,694,661,33,4.8
"2573","48127",7303,7082,221,3,7381,7193,188,2.5,6467,6054,413,6.4,5936,5606,330,5.6,6154,5919,235,3.8
"2574","48129",1547,1493,54,3.5,1428,1380,48,3.4,1413,1351,62,4.4,1458,1397,61,4.2,1492,1439,53,3.6
"2575","48131",5028,4763,265,5.3,4912,4693,219,4.5,4829,4240,589,12.2,5480,5041,439,8,5051,4826,225,4.5
"2576","48133",8608,8318,290,3.4,8275,8000,275,3.3,7324,6830,494,6.7,7432,7005,427,5.7,6694,6389,305,4.6
"2577","48135",84994,82679,2315,2.7,87583,85246,2337,2.7,82625,73476,9149,11.1,80993,74514,6479,8,83462,80225,3237,3.9
"2578","48137",877,852,25,2.9,1040,1016,24,2.3,1235,1191,44,3.6,1289,1233,56,4.3,1201,1167,34,2.8
"2579","48139",90012,87008,3004,3.3,93315,90420,2895,3.1,95137,89443,5694,6,99220,94707,4513,4.5,103316,99727,3589,3.5
"2580","48141",355713,340580,15133,4.3,359445,345701,13744,3.8,361760,331684,30076,8.3,366812,344209,22603,6.2,370586,354817,15769,4.3
"2581","48143",20597,19956,641,3.1,20678,20025,653,3.2,19939,18793,1146,5.7,20656,19717,939,4.5,21159,20423,736,3.5
"2582","48145",6465,6211,254,3.9,6429,6218,211,3.3,6384,5994,390,6.1,6715,6358,357,5.3,6839,6562,277,4.1
"2583","48147",16334,15826,508,3.1,17207,16733,474,2.8,16689,15899,790,4.7,17205,16504,701,4.1,17379,16774,605,3.5
"2584","48149",12503,12150,353,2.8,12292,11969,323,2.6,11745,11190,555,4.7,11975,11457,518,4.3,11952,11538,414,3.5
"2585","48151",1638,1585,53,3.2,1616,1569,47,2.9,1593,1522,71,4.5,1625,1556,69,4.2,1641,1584,57,3.5
"2586","48153",2651,2512,139,5.2,2546,2435,111,4.4,2492,2337,155,6.2,2510,2366,144,5.7,2457,2356,101,4.1
"2587","48155",580,563,17,2.9,575,558,17,3,575,551,24,4.2,590,570,20,3.4,562,544,18,3.2
"2588","48157",383691,368348,15343,4,396652,382880,13772,3.5,402949,372145,30804,7.6,409802,385666,24136,5.9,418649,402222,16427,3.9
"2589","48159",4532,4343,189,4.2,4627,4460,167,3.6,4814,4556,258,5.4,5253,5020,233,4.4,5361,5187,174,3.2
"2590","48161",6505,6120,385,5.9,6334,6030,304,4.8,6317,5788,529,8.4,6370,5911,459,7.2,6329,5991,338,5.3
"2591","48163",10110,9820,290,2.9,10347,10075,272,2.6,9524,8983,541,5.7,9490,9034,456,4.8,9418,9097,321,3.4
"2592","48165",9355,9114,241,2.6,9795,9557,238,2.4,9701,9154,547,5.6,9849,9396,453,4.6,10148,9845,303,3
"2593","48167",162052,154486,7566,4.7,164492,157827,6665,4.1,163981,149565,14416,8.8,165872,154992,10880,6.6,169058,161647,7411,4.4
"2594","48169",2119,2057,62,2.9,2119,2064,55,2.6,2007,1870,137,6.8,2009,1910,99,4.9,1964,1883,81,4.1
"2595","48171",13279,12939,340,2.6,13444,13116,328,2.4,13231,12600,631,4.8,14022,13549,473,3.4,14654,14270,384,2.6
"2596","48173",846,828,18,2.1,792,775,17,2.1,802,773,29,3.6,818,793,25,3.1,876,853,23,2.6
"2597","48175",3258,3133,125,3.8,3241,3132,109,3.4,3126,2882,244,7.8,3185,2978,207,6.5,3198,3058,140,4.4
"2598","48177",9415,9127,288,3.1,9515,9258,257,2.7,9498,8983,515,5.4,9653,9235,418,4.3,9527,9218,309,3.2
"2599","48179",8066,7750,316,3.9,7980,7695,285,3.6,7751,7120,631,8.1,7741,7232,509,6.6,7686,7343,343,4.5
"2600","48181",62793,60715,2078,3.3,63741,61780,1961,3.1,63952,60181,3771,5.9,65146,62098,3048,4.7,65789,63365,2424,3.7
"2601","48183",57051,54679,2372,4.2,57587,55425,2162,3.8,56310,51620,4690,8.3,56494,52896,3598,6.4,56931,54513,2418,4.2
"2602","48185",11030,10572,458,4.2,11161,10715,446,4,11074,10177,897,8.1,11248,10505,743,6.6,11460,10943,517,4.5
"2603","48187",79699,77179,2520,3.2,81117,78713,2404,3,80648,75690,4958,6.1,82879,79163,3716,4.5,85585,82694,2891,3.4
"2604","48189",12399,11802,597,4.8,12084,11545,539,4.5,11706,10914,792,6.8,11987,11259,728,6.1,11674,11100,574,4.9
"2605","48191",1102,1053,49,4.4,1060,1016,44,4.2,1064,1002,62,5.8,1090,1030,60,5.5,1093,1047,46,4.2
"2606","48193",3607,3488,119,3.3,3648,3539,109,3,3732,3561,171,4.6,3849,3691,158,4.1,3889,3757,132,3.4
"2607","48195",2832,2766,66,2.3,2745,2680,65,2.4,2473,2387,86,3.5,2571,2491,80,3.1,2878,2809,69,2.4
"2608","48197",1665,1605,60,3.6,1706,1655,51,3,1703,1628,75,4.4,1747,1672,75,4.3,1792,1729,63,3.5
"2609","48199",25204,23889,1315,5.2,25363,24206,1157,4.6,25209,22953,2256,8.9,24900,22945,1955,7.9,24912,23629,1283,5.2
"2610","48201",2269602,2168841,100761,4.4,2282371,2194213,88158,3.9,2277130,2072308,204822,9,2295634,2149355,146279,6.4,2339651,2240795,98856,4.2
"2611","48203",29708,28406,1302,4.4,29187,28019,1168,4,28995,26708,2287,7.9,28789,26903,1886,6.6,28968,27675,1293,4.5
"2612","48205",2841,2789,52,1.8,2776,2730,46,1.7,2610,2558,52,2,2749,2689,60,2.2,2618,2566,52,2
"2613","48207",2338,2247,91,3.9,2235,2162,73,3.3,2666,2552,114,4.3,2765,2654,111,4,2771,2689,82,3
"2614","48209",115308,111874,3434,3,119858,116515,3343,2.8,123417,115665,7752,6.3,130916,125498,5418,4.1,138543,134363,4180,3
"2615","48211",2232,2185,47,2.1,1988,1936,52,2.6,1791,1709,82,4.6,1648,1575,73,4.4,1633,1579,54,3.3
"2616","48213",35875,34512,1363,3.8,36332,35057,1275,3.5,37020,34634,2386,6.4,38453,36463,1990,5.2,39001,37516,1485,3.8
"2617","48215",345147,322241,22906,6.6,349035,327130,21905,6.3,359516,317497,42019,11.7,368355,334866,33489,9.1,371985,347873,24112,6.5
"2618","48217",16166,15574,592,3.7,16261,15719,542,3.3,16248,15222,1026,6.3,17019,16164,855,5,17859,17169,690,3.9
"2619","48219",11347,10993,354,3.1,11175,10845,330,3,10648,9799,849,8,10747,10112,635,5.9,10781,10387,394,3.7
"2620","48221",26852,25854,998,3.7,27521,26582,939,3.4,27946,26097,1849,6.6,29086,27578,1508,5.2,29922,28800,1122,3.7
"2621","48223",17193,16608,585,3.4,17399,16866,533,3.1,17439,16546,893,5.1,17960,17174,786,4.4,18388,17741,647,3.5
"2622","48225",10126,9745,381,3.8,10195,9876,319,3.1,10062,9533,529,5.3,10666,10147,519,4.9,10548,10173,375,3.6
"2623","48227",13494,13047,447,3.3,13907,13476,431,3.1,13423,12330,1093,8.1,13354,12497,857,6.4,13114,12451,663,5.1
"2624","48229",1790,1707,83,4.6,1846,1766,80,4.3,1845,1695,150,8.1,1864,1757,107,5.7,1889,1814,75,4
"2625","48231",42188,40570,1618,3.8,43364,41813,1551,3.6,43201,40350,2851,6.6,45074,42732,2342,5.2,46815,44985,1830,3.9
"2626","48233",8929,8482,447,5,8593,8212,381,4.4,8487,7878,609,7.2,8623,8110,513,5.9,8487,8109,378,4.5
"2627","48235",761,737,24,3.2,756,738,18,2.4,757,711,46,6.1,784,746,38,4.8,790,766,24,3
"2628","48237",4345,4235,110,2.5,3440,3332,108,3.1,3391,3153,238,7,3425,3238,187,5.5,3443,3313,130,3.8
"2629","48239",7312,7071,241,3.3,7467,7243,224,3,7273,6851,422,5.8,7186,6825,361,5,7127,6879,248,3.5
"2630","48241",13139,12276,863,6.6,12722,11943,779,6.1,12830,11386,1444,11.3,12872,11640,1232,9.6,12645,11837,808,6.4
"2631","48243",1060,1029,31,2.9,1038,1008,30,2.9,958,909,49,5.1,1036,991,45,4.3,1016,981,35,3.4
"2632","48245",106437,99627,6810,6.4,105031,98884,6147,5.9,104671,92107,12564,12,102139,92147,9992,9.8,101171,94883,6288,6.2
"2633","48247",1865,1758,107,5.7,1866,1776,90,4.8,1875,1695,180,9.6,1867,1705,162,8.7,1802,1705,97,5.4
"2634","48249",16863,15942,921,5.5,16716,15929,787,4.7,16097,14001,2096,13,15664,14117,1547,9.9,15401,14520,881,5.7
"2635","48251",79865,77100,2765,3.5,82661,80006,2655,3.2,83334,77918,5416,6.5,86366,82164,4202,4.9,89046,85941,3105,3.5
"2636","48253",5578,5309,269,4.8,5738,5494,244,4.3,5618,5220,398,7.1,5764,5410,354,6.1,5826,5575,251,4.3
"2637","48255",6809,6614,195,2.9,7097,6919,178,2.5,6986,6546,440,6.3,6878,6523,355,5.2,6647,6427,220,3.3
"2638","48257",62668,60482,2186,3.5,66798,64639,2159,3.2,69275,64843,4432,6.4,72151,68594,3557,4.9,75098,72291,2807,3.7
"2639","48259",21693,21057,636,2.9,22470,21859,611,2.7,22148,21022,1126,5.1,22972,22077,895,3.9,23745,23004,741,3.1
"2640","48261",245,236,9,3.7,229,221,8,3.5,180,170,10,5.6,186,175,11,5.9,147,138,9,6.1
"2641","48263",448,437,11,2.5,469,458,11,2.3,461,443,18,3.9,454,441,13,2.9,627,614,13,2.1
"2642","48265",21636,20932,704,3.3,22059,21408,651,3,21665,20396,1269,5.9,22248,21234,1014,4.6,22343,21542,801,3.6
"2643","48267",1860,1804,56,3,1840,1784,56,3,1829,1737,92,5,1889,1809,80,4.2,1836,1774,62,3.4
"2644","48269",209,203,6,2.9,234,229,5,2.1,236,232,4,1.7,465,461,4,0.9,582,577,5,0.9
"2645","48271",1341,1282,59,4.4,1355,1306,49,3.6,1309,1231,78,6,1257,1186,71,5.6,1267,1207,60,4.7
"2646","48273",13214,12555,659,5,13374,12797,577,4.3,13223,12101,1122,8.5,13263,12330,933,7,13092,12466,626,4.8
"2647","48275",1441,1389,52,3.6,1431,1385,46,3.2,1446,1365,81,5.6,1479,1410,69,4.7,1484,1426,58,3.9
"2648","48277",23590,22691,899,3.8,23738,22935,803,3.4,23519,22003,1516,6.4,24707,23344,1363,5.5,24512,23466,1046,4.3
"2649","48279",5172,4942,230,4.4,5223,5024,199,3.8,5196,4925,271,5.2,5249,4985,264,5,5290,5081,209,4
"2650","48281",9082,8740,342,3.8,9038,8736,302,3.3,9018,8533,485,5.4,9350,8896,454,4.9,9428,9080,348,3.7
"2651","48283",4550,4439,111,2.4,4351,4246,105,2.4,3726,3475,251,6.7,3816,3653,163,4.3,4113,3996,117,2.8
"2652","48285",8719,8446,273,3.1,8554,8300,254,3,8391,7951,440,5.2,8701,8307,394,4.5,9159,8853,306,3.3
"2653","48287",9400,9111,289,3.1,10042,9776,266,2.6,9141,8688,453,5,9035,8641,394,4.4,8734,8425,309,3.5
"2654","48289",6083,5777,306,5,6267,5994,273,4.4,6079,5603,476,7.8,6223,5787,436,7,6057,5743,314,5.2
"2655","48291",32486,30584,1902,5.9,33195,31528,1667,5,34337,30740,3597,10.5,35008,31868,3140,9,35293,33230,2063,5.8
"2656","48293",8345,7955,390,4.7,8534,8204,330,3.9,8300,7707,593,7.1,8547,8019,528,6.2,8399,8013,386,4.6
"2657","48295",1640,1595,45,2.7,1616,1573,43,2.7,1520,1457,63,4.1,1515,1457,58,3.8,1464,1419,45,3.1
"2658","48297",5144,4947,197,3.8,5495,5325,170,3.1,5152,4764,388,7.5,4959,4629,330,6.7,4869,4666,203,4.2
"2659","48299",8456,8140,316,3.7,8577,8280,297,3.5,8444,7957,487,5.8,9005,8565,440,4.9,9354,8999,355,3.8
"2660","48301",266,262,4,1.5,500,496,4,0.8,296,291,5,1.7,488,483,5,1,874,869,5,0.6
"2661","48303",155352,150564,4788,3.1,156848,152394,4454,2.8,156742,147715,9027,5.8,161697,154339,7358,4.6,163740,158245,5495,3.4
"2662","48305",2727,2638,89,3.3,2760,2678,82,3,2739,2589,150,5.5,2822,2700,122,4.3,2876,2774,102,3.5
"2663","48307",3721,3597,124,3.3,3448,3269,179,5.2,3205,2963,242,7.6,3187,2984,203,6.4,3151,3019,132,4.2
"2664","48309",117329,113089,4240,3.6,118209,114271,3938,3.3,119107,111672,7435,6.2,124783,118750,6033,4.8,127001,122457,4544,3.6
"2665","48311",711,698,13,1.8,808,795,13,1.6,716,696,20,2.8,753,736,17,2.3,902,886,16,1.8
"2666","48313",4533,4331,202,4.5,4497,4308,189,4.2,4465,4144,321,7.2,4711,4418,293,6.2,4741,4536,205,4.3
"2667","48315",4222,4030,192,4.5,4200,4023,177,4.2,4230,3878,352,8.3,4272,3982,290,6.8,4208,3999,209,5
"2668","48317",2750,2681,69,2.5,2790,2717,73,2.6,2553,2397,156,6.1,2634,2508,126,4.8,2798,2711,87,3.1
"2669","48319",1761,1706,55,3.1,1746,1690,56,3.2,1724,1628,96,5.6,1808,1722,86,4.8,1827,1766,61,3.3
"2670","48321",16682,15654,1028,6.2,16568,15629,939,5.7,16470,14733,1737,10.5,16600,15248,1352,8.1,17150,16138,1012,5.9
"2671","48323",23473,21546,1927,8.2,23448,21667,1781,7.6,24254,20577,3677,15.2,23847,20913,2934,12.3,23405,21552,1853,7.9
"2672","48325",21397,20647,750,3.5,21604,20918,686,3.2,21320,19966,1354,6.4,22011,20904,1107,5,22681,21819,862,3.8
"2673","48327",822,788,34,4.1,858,828,30,3.5,862,818,44,5.1,851,810,41,4.8,851,819,32,3.8
"2674","48329",102169,99978,2191,2.1,105827,103612,2215,2.1,98443,90501,7942,8.1,100271,94718,5553,5.5,105948,102848,3100,2.9
"2675","48331",9816,9272,544,5.5,9676,9193,483,5,9675,8979,696,7.2,10260,9663,597,5.8,10297,9859,438,4.3
"2676","48333",1857,1791,66,3.6,1873,1812,61,3.3,1877,1800,77,4.1,1927,1841,86,4.5,1910,1829,81,4.2
"2677","48335",2309,2212,97,4.2,2316,2230,86,3.7,2340,2155,185,7.9,2357,2192,165,7,2309,2207,102,4.4
"2678","48337",9070,8779,291,3.2,9215,8950,265,2.9,9057,8454,603,6.7,9330,8847,483,5.2,9242,8909,333,3.6
"2679","48339",277580,267106,10474,3.8,286563,276832,9731,3.4,289844,268188,21656,7.5,295262,278284,16978,5.8,301853,290062,11791,3.9
"2680","48341",10787,10498,289,2.7,10728,10480,248,2.3,10553,10158,395,3.7,11129,10754,375,3.4,11322,11025,297,2.6
"2681","48343",4676,4366,310,6.6,4770,4517,253,5.3,4851,4305,546,11.3,4634,4163,471,10.2,4473,4193,280,6.3
"2682","48345",459,442,17,3.7,469,453,16,3.4,433,413,20,4.6,451,428,23,5.1,512,491,21,4.1
"2683","48347",28443,27327,1116,3.9,27932,26891,1041,3.7,27811,25979,1832,6.6,28454,26890,1564,5.5,28000,26801,1199,4.3
"2684","48349",23475,22602,873,3.7,23848,23070,778,3.3,23281,21838,1443,6.2,23779,22557,1222,5.1,23597,22683,914,3.9
"2685","48351",5150,4802,348,6.8,5101,4779,322,6.3,4975,4419,556,11.2,4921,4418,503,10.2,4883,4550,333,6.8
"2686","48353",6668,6447,221,3.3,6980,6775,205,2.9,7048,6670,378,5.4,7214,6872,342,4.7,6782,6528,254,3.7
"2687","48355",166621,158800,7821,4.7,165589,158775,6814,4.1,164344,149667,14677,8.9,163979,152779,11200,6.8,164095,156419,7676,4.7
"2688","48357",4422,4298,124,2.8,4266,4152,114,2.7,4024,3789,235,5.8,3993,3810,183,4.6,3944,3810,134,3.4
"2689","48359",899,875,24,2.7,903,877,26,2.9,893,858,35,3.9,924,891,33,3.6,939,911,28,3
"2690","48361",36255,34142,2113,5.8,36142,34273,1869,5.2,35695,31907,3788,10.6,35027,31934,3093,8.8,34871,32877,1994,5.7
"2691","48363",13401,12949,452,3.4,13462,13036,426,3.2,13160,12233,927,7,13007,12269,738,5.7,13135,12639,496,3.8
"2692","48365",10621,10174,447,4.2,10034,9628,406,4,9395,8604,791,8.4,9777,9131,646,6.6,9629,9187,442,4.6
"2693","48367",65455,63411,2044,3.1,68167,66184,1983,2.9,69486,65436,4050,5.8,72275,69048,3227,4.5,74625,72184,2441,3.3
"2694","48369",4850,4735,115,2.4,4828,4721,107,2.2,4843,4718,125,2.6,5023,4876,147,2.9,5134,5010,124,2.4
"2695","48371",6369,6135,234,3.7,6320,6113,207,3.3,6400,5870,530,8.3,6251,5820,431,6.9,6322,6067,255,4
"2696","48373",17708,16806,902,5.1,17882,17023,859,4.8,18341,16723,1618,8.8,18721,17241,1480,7.9,18708,17672,1036,5.5
"2697","48375",54486,52879,1607,2.9,53907,52427,1480,2.7,53122,50174,2948,5.5,54642,52270,2372,4.3,55077,53314,1763,3.2
"2698","48377",3019,2808,211,7,3087,2888,199,6.4,3196,2720,476,14.9,3118,2801,317,10.2,3096,2905,191,6.2
"2699","48379",5865,5659,206,3.5,6005,5822,183,3,5989,5707,282,4.7,6371,6120,251,3.9,6519,6296,223,3.4
"2700","48381",71098,69230,1868,2.6,72506,70767,1739,2.4,72962,69705,3257,4.5,75142,72453,2689,3.6,76100,73938,2162,2.8
"2701","48383",1860,1813,47,2.5,1878,1829,49,2.6,1800,1624,176,9.8,1677,1554,123,7.3,1634,1576,58,3.5
"2702","48385",1041,989,52,5,1052,1011,41,3.9,1081,1010,71,6.6,1153,1084,69,6,1143,1090,53,4.6
"2703","48387",5051,4776,275,5.4,5037,4804,233,4.6,5100,4774,326,6.4,5346,5028,318,5.9,5144,4881,263,5.1
"2704","48389",9338,9143,195,2.1,11070,10874,196,1.8,8794,8160,634,7.2,8556,8063,493,5.8,8525,8235,290,3.4
"2705","48391",3113,2969,144,4.6,3121,3005,116,3.7,3041,2790,251,8.3,3050,2848,202,6.6,2968,2828,140,4.7
"2706","48393",425,413,12,2.8,413,401,12,2.9,402,384,18,4.5,402,385,17,4.2,399,384,15,3.8
"2707","48395",7479,7165,314,4.2,7406,7138,268,3.6,7301,6831,470,6.4,7730,7327,403,5.2,7971,7665,306,3.8
"2708","48397",50545,48901,1644,3.3,53050,51421,1629,3.1,54591,51350,3241,5.9,56857,54381,2476,4.4,59221,57261,1960,3.3
"2709","48399",4543,4399,144,3.2,4559,4432,127,2.8,4523,4300,223,4.9,4681,4487,194,4.1,4694,4539,155,3.3
"2710","48401",22600,21672,928,4.1,22706,21892,814,3.6,21933,20318,1615,7.4,22175,20854,1321,6,22417,21486,931,4.2
"2711","48403",3519,3239,280,8,3725,3480,245,6.6,3895,3472,423,10.9,4006,3631,375,9.4,3960,3682,278,7
"2712","48405",2984,2790,194,6.5,3345,3186,159,4.8,3017,2727,290,9.6,2986,2743,243,8.1,3094,2914,180,5.8
"2713","48407",11434,10861,573,5,11647,11113,534,4.6,11599,10656,943,8.1,11951,11079,872,7.3,12048,11464,584,4.8
"2714","48409",29864,27959,1905,6.4,29519,27901,1618,5.5,29385,26377,3008,10.2,29437,26880,2557,8.7,29297,27535,1762,6
"2715","48411",2519,2442,77,3.1,2512,2438,74,2.9,2187,2074,113,5.2,2221,2117,104,4.7,2237,2158,79,3.5
"2716","48413",1360,1321,39,2.9,1299,1262,37,2.8,1209,1125,84,6.9,1198,1132,66,5.5,1244,1200,44,3.5
"2717","48415",6877,6642,235,3.4,6603,6389,214,3.2,6206,5694,512,8.3,6145,5741,404,6.6,6283,6023,260,4.1
"2718","48417",1929,1884,45,2.3,1888,1847,41,2.2,1774,1680,94,5.3,1863,1788,75,4,1830,1780,50,2.7
"2719","48419",10941,10467,474,4.3,11056,10621,435,3.9,11205,10438,767,6.8,11534,10907,627,5.4,11029,10564,465,4.2
"2720","48421",1320,1285,35,2.7,1357,1325,32,2.4,1302,1262,40,3.1,1394,1351,43,3.1,1377,1338,39,2.8
"2721","48423",106027,102127,3900,3.7,107393,103809,3584,3.3,108156,100798,7358,6.8,110700,104979,5721,5.2,112049,107882,4167,3.7
"2722","48425",4260,4083,177,4.2,4333,4178,155,3.6,4267,3987,280,6.6,4439,4209,230,5.2,4573,4399,174,3.8
"2723","48427",25006,22461,2545,10.2,24941,22474,2467,9.9,26077,21501,4576,17.5,25577,21581,3996,15.6,24554,21865,2689,11
"2724","48429",3964,3820,144,3.6,4059,3936,123,3,4019,3774,245,6.1,4212,4004,208,4.9,4073,3921,152,3.7
"2725","48431",578,558,20,3.5,570,552,18,3.2,558,522,36,6.5,586,556,30,5.1,525,504,21,4
"2726","48433",585,565,20,3.4,579,562,17,2.9,571,542,29,5.1,589,564,25,4.2,695,674,21,3
"2727","48435",1447,1391,56,3.9,1405,1352,53,3.8,1212,1092,120,9.9,1166,1071,95,8.1,1034,975,59,5.7
"2728","48437",2633,2520,113,4.3,2593,2498,95,3.7,2514,2383,131,5.2,2603,2472,131,5,2583,2479,104,4
"2729","48439",1052026,1014829,37197,3.5,1070732,1035116,35616,3.3,1076624,996842,79782,7.4,1109988,1051270,58718,5.3,1140773,1099642,41131,3.6
"2730","48441",64850,62786,2064,3.2,66233,64335,1898,2.9,65960,62350,3610,5.5,67618,64641,2977,4.4,68871,66574,2297,3.3
"2731","48443",375,362,13,3.5,374,361,13,3.5,379,362,17,4.5,416,401,15,3.6,410,396,14,3.4
"2732","48445",5093,4884,209,4.1,4956,4775,181,3.7,4800,4448,352,7.3,4813,4523,290,6,4653,4460,193,4.1
"2733","48447",695,672,23,3.3,643,619,24,3.7,637,606,31,4.9,987,958,29,2.9,738,715,23,3.1
"2734","48449",12802,12153,649,5.1,12828,12297,531,4.1,13232,12339,893,6.7,13649,12911,738,5.4,13742,13149,593,4.3
"2735","48451",54234,52516,1718,3.2,54178,52539,1639,3,53632,50224,3408,6.4,54900,52235,2665,4.9,55646,53740,1906,3.4
"2736","48453",713786,693275,20511,2.9,731331,712144,19187,2.6,735013,688176,46837,6.4,778563,747009,31554,4.1,822494,799306,23188,2.8
"2737","48455",5276,5002,274,5.2,5253,5003,250,4.8,5295,4864,431,8.1,5390,4997,393,7.3,5359,5078,281,5.2
"2738","48457",6931,6469,462,6.7,7097,6690,407,5.7,7341,6614,727,9.9,7408,6782,626,8.5,7167,6736,431,6
"2739","48459",17543,16802,741,4.2,17852,17190,662,3.7,17485,16136,1349,7.7,17658,16561,1097,6.2,17822,17063,759,4.3
"2740","48461",1568,1514,54,3.4,1642,1593,49,3,1809,1706,103,5.7,1782,1690,92,5.2,2349,2286,63,2.7
"2741","48463",11383,10893,490,4.3,11388,10957,431,3.8,11276,10550,726,6.4,11344,10717,627,5.5,11274,10781,493,4.4
"2742","48465",22257,21388,869,3.9,22693,21935,758,3.3,21485,19690,1795,8.4,22282,20973,1309,5.9,22262,21262,1000,4.5
"2743","48467",25564,24660,904,3.5,25911,25065,846,3.3,26031,24427,1604,6.2,27003,25719,1284,4.8,27865,26897,968,3.5
"2744","48469",42639,40990,1649,3.9,42068,40606,1462,3.5,40843,37435,3408,8.3,41192,38600,2592,6.3,41365,39638,1727,4.2
"2745","48471",23701,22699,1002,4.2,23912,22970,942,3.9,24006,22278,1728,7.2,24081,22574,1507,6.3,23957,22834,1123,4.7
"2746","48473",22972,21985,987,4.3,23965,23065,900,3.8,24400,22538,1862,7.6,24937,23356,1581,6.3,25450,24357,1093,4.3
"2747","48475",6722,6549,173,2.6,7295,7122,173,2.4,6149,5565,584,9.5,5943,5531,412,6.9,6183,5956,227,3.7
"2748","48477",14761,14221,540,3.7,15052,14540,512,3.4,15193,14333,860,5.7,15344,14533,811,5.3,15256,14650,606,4
"2749","48479",115428,111043,4385,3.8,117485,113126,4359,3.7,115889,106060,9829,8.5,116534,109245,7289,6.3,117364,112532,4832,4.1
"2750","48481",21127,20336,791,3.7,21486,20757,729,3.4,21289,19840,1449,6.8,21238,20035,1203,5.7,21416,20602,814,3.8
"2751","48483",2408,2332,76,3.2,2245,2178,67,3,2187,2054,133,6.1,2079,1951,128,6.2,1989,1911,78,3.9
"2752","48485",55946,54026,1920,3.4,55613,53839,1774,3.2,55392,51706,3686,6.7,55714,52752,2962,5.3,55458,53290,2168,3.9
"2753","48487",4941,4734,207,4.2,4911,4736,175,3.6,4898,4611,287,5.9,4938,4614,324,6.6,4832,4596,236,4.9
"2754","48489",6347,5716,631,9.9,6495,5959,536,8.3,6591,5800,791,12,7062,6347,715,10.1,7227,6636,591,8.2
"2755","48491",301919,292610,9309,3.1,316203,307287,8916,2.8,323314,304437,18877,5.8,344045,330223,13822,4,364532,353870,10662,2.9
"2756","48493",24362,23607,755,3.1,24709,24006,703,2.8,24394,22994,1400,5.7,25202,24083,1119,4.4,25982,25135,847,3.3
"2757","48495",3995,3880,115,2.9,4023,3908,115,2.9,3965,3590,375,9.5,3756,3475,281,7.5,3977,3820,157,3.9
"2758","48497",31018,29942,1076,3.5,32039,31006,1033,3.2,32122,30016,2106,6.6,33297,31671,1626,4.9,34311,33106,1205,3.5
"2759","48499",17227,16488,739,4.3,17555,16871,684,3.9,17832,16648,1184,6.6,18184,17155,1029,5.7,18256,17436,820,4.5
"2760","48501",3685,3579,106,2.9,3715,3608,107,2.9,3505,3084,421,12,3303,3052,251,7.6,3286,3153,133,4
"2761","48503",8106,7841,265,3.3,7931,7695,236,3,7732,7323,409,5.3,8125,7754,371,4.6,8083,7806,277,3.4
"2762","48505",5320,5023,297,5.6,5075,4819,256,5,4668,4096,572,12.3,4596,4060,536,11.7,4580,4263,317,6.9
"2763","48507",3535,3193,342,9.7,3321,3041,280,8.4,3391,2906,485,14.3,3286,2878,408,12.4,3395,3104,291,8.6
"2764","49001",3033,2933,100,3.3,2896,2811,85,2.9,2850,2733,117,4.1,2843,2761,82,2.9,2869,2791,78,2.7
"2765","49003",25680,24953,727,2.8,26241,25570,671,2.6,26747,25551,1196,4.5,26993,26317,676,2.5,27662,27039,623,2.3
"2766","49005",63850,62246,1604,2.5,65134,63765,1369,2.1,66154,64163,1991,3,69047,67652,1395,2,71311,69885,1426,2
"2767","49007",8535,8175,360,4.2,8586,8277,309,3.6,8636,8172,464,5.4,8456,8124,332,3.9,8459,8162,297,3.5
"2768","49009",402,385,17,4.2,393,378,15,3.8,413,394,19,4.6,412,397,15,3.6,418,399,19,4.5
"2769","49011",171556,166855,4701,2.7,174500,170376,4124,2.4,176943,169478,7465,4.2,179847,175386,4461,2.5,184220,180239,3981,2.2
"2770","49013",7779,7447,332,4.3,7787,7491,296,3.8,7869,7241,628,8,7777,7400,377,4.8,8057,7800,257,3.2
"2771","49015",4358,4162,196,4.5,4333,4164,169,3.9,4421,4207,214,4.8,4461,4286,175,3.9,4497,4349,148,3.3
"2772","49017",2792,2588,204,7.3,2787,2619,168,6,2665,2387,278,10.4,2790,2611,179,6.4,2936,2763,173,5.9
"2773","49019",6111,5836,275,4.5,6248,6010,238,3.8,6269,5665,604,9.6,6624,6334,290,4.4,7006,6780,226,3.2
"2774","49021",23063,22295,768,3.3,24327,23624,703,2.9,25377,24203,1174,4.6,26538,25774,764,2.9,27805,27125,680,2.4
"2775","49023",5616,5458,158,2.8,5861,5718,143,2.4,5868,5689,179,3.1,6172,6046,126,2,6415,6289,126,2
"2776","49025",3820,3705,115,3,3852,3743,109,2.8,3893,3681,212,5.4,4036,3918,118,2.9,4128,4025,103,2.5
"2777","49027",6257,6065,192,3.1,6076,5917,159,2.6,6052,5852,200,3.3,6064,5917,147,2.4,6252,6110,142,2.3
"2778","49029",5490,5348,142,2.6,5563,5431,132,2.4,5686,5491,195,3.4,5800,5675,125,2.2,5949,5831,118,2
"2779","49031",484,460,24,5,484,462,22,4.5,483,453,30,6.2,484,463,21,4.3,516,495,21,4.1
"2780","49033",1183,1147,36,3,1176,1141,35,3,1168,1127,41,3.5,1280,1251,29,2.3,1251,1220,31,2.5
"2781","49035",625159,607481,17678,2.8,637435,621863,15572,2.4,646307,612465,33842,5.2,656258,637796,18462,2.8,678205,662608,15597,2.3
"2782","49037",5748,5410,338,5.9,5757,5474,283,4.9,5521,4944,577,10.5,5501,5158,343,6.2,5597,5352,245,4.4
"2783","49039",12562,12122,440,3.5,12546,12157,389,3.1,12807,12314,493,3.8,13100,12724,376,2.9,13592,13220,372,2.7
"2784","49041",9952,9619,333,3.3,9813,9519,294,3,9939,9507,432,4.3,10023,9692,331,3.3,10288,9996,292,2.8
"2785","49043",24577,23880,697,2.8,25094,24496,598,2.4,24731,22907,1824,7.4,25054,24324,730,2.9,26233,25670,563,2.1
"2786","49045",33506,32437,1069,3.2,35045,34077,968,2.8,36206,34460,1746,4.8,36943,35866,1077,2.9,38233,37266,967,2.5
"2787","49047",13700,13097,603,4.4,13743,13177,566,4.1,13535,12251,1284,9.5,13534,12785,749,5.5,14112,13606,506,3.6
"2788","49049",301837,293798,8039,2.7,309997,302748,7249,2.3,317902,305575,12327,3.9,332754,324841,7913,2.4,345265,337880,7385,2.1
"2789","49051",15267,14814,453,3,16169,15738,431,2.7,16537,15447,1090,6.6,17021,16529,492,2.9,17806,17394,412,2.3
"2790","49053",74708,72308,2400,3.2,76811,74576,2235,2.9,80398,75986,4412,5.5,84076,81594,2482,3,87269,85075,2194,2.5
"2791","49055",1439,1357,82,5.7,1436,1360,76,5.3,1454,1342,112,7.7,1486,1415,71,4.8,1519,1452,67,4.4
"2792","49057",126036,121920,4116,3.3,128611,124911,3700,2.9,130550,124095,6455,4.9,132170,128305,3865,2.9,135182,131853,3329,2.5
"2793","50001",21325,20819,506,2.4,21205,20767,438,2.1,20443,19498,945,4.6,20413,19804,609,3,20868,20362,506,2.4
"2794","50003",18834,18286,548,2.9,18682,18197,485,2.6,17635,16468,1167,6.6,17320,16512,808,4.7,17636,17072,564,3.2
"2795","50005",15104,14643,461,3.1,14883,14489,394,2.6,14509,13635,874,6,14347,13770,577,4,14641,14184,457,3.1
"2796","50007",99939,98035,1904,1.9,99583,98001,1582,1.6,95851,91279,4572,4.8,95121,92206,2915,3.1,97153,95148,2005,2.1
"2797","50009",2770,2677,93,3.4,2753,2674,79,2.9,2702,2495,207,7.7,2672,2532,140,5.2,2679,2573,106,4
"2798","50011",28375,27710,665,2.3,28303,27716,587,2.1,27268,25858,1410,5.2,27361,26343,1018,3.7,27723,26994,729,2.6
"2799","50013",4188,4063,125,3,4269,4162,107,2.5,4069,3830,239,5.9,4036,3868,168,4.2,4127,3992,135,3.3
"2800","50015",14369,13898,471,3.3,14355,13958,397,2.8,13859,12779,1080,7.8,13728,13134,594,4.3,14058,13587,471,3.4
"2801","50017",16397,15991,406,2.5,16429,16082,347,2.1,15820,14983,837,5.3,15544,15000,544,3.5,15762,15356,406,2.6
"2802","50019",13887,13310,577,4.2,13657,13141,516,3.8,13050,12049,1001,7.7,13042,12388,654,5,13347,12760,587,4.4
"2803","50021",31641,30720,921,2.9,31391,30622,769,2.4,30201,28142,2059,6.8,29597,28260,1337,4.5,29836,28860,976,3.3
"2804","50023",35519,34665,854,2.4,35508,34788,720,2,33871,32201,1670,4.9,33129,32048,1081,3.3,33906,33079,827,2.4
"2805","50025",23119,22508,611,2.6,22640,22128,512,2.3,21616,20143,1473,6.8,20874,19876,998,4.8,21221,20608,613,2.9
"2806","50027",29880,29231,649,2.2,29845,29290,555,1.9,28918,27183,1735,6,28638,27611,1027,3.6,29164,28510,654,2.2
"2807","51001",16815,16169,646,3.8,16643,16057,586,3.5,15933,14858,1075,6.7,15396,14729,667,4.3,15741,15226,515,3.3
"2808","51003",56437,54914,1523,2.7,58151,56725,1426,2.5,56131,53011,3120,5.6,56427,54591,1836,3.3,58180,56633,1547,2.7
"2809","51005",6959,6699,260,3.7,6994,6759,235,3.4,6770,6311,459,6.8,6577,6306,271,4.1,6693,6474,219,3.3
"2810","51007",6233,6028,205,3.3,6345,6147,198,3.1,6094,5727,367,6,6094,5877,217,3.6,6294,6109,185,2.9
"2811","51009",15005,14508,497,3.3,15114,14635,479,3.2,14672,13824,848,5.8,14569,14031,538,3.7,14844,14384,460,3.1
"2812","51011",7148,6886,262,3.7,7243,6995,248,3.4,7077,6655,422,6,7025,6753,272,3.9,7147,6918,229,3.2
"2813","51013",152864,149775,3089,2,154821,151874,2947,1.9,151524,144538,6986,4.6,152740,148157,4583,3,157061,153800,3261,2.1
"2814","51015",36949,35941,1008,2.7,37661,36746,915,2.4,36927,35165,1762,4.8,36931,35792,1139,3.1,38206,37214,992,2.6
"2815","51017",2524,2461,63,2.5,2483,2423,60,2.4,2300,2063,237,10.3,2253,2153,100,4.4,2480,2419,61,2.5
"2816","51019",38429,37247,1182,3.1,38856,37756,1100,2.8,37973,35970,2003,5.3,37852,36550,1302,3.4,38542,37438,1104,2.9
"2817","51021",2844,2754,90,3.2,2851,2772,79,2.8,2794,2630,164,5.9,2751,2656,95,3.5,2803,2722,81,2.9
"2818","51023",17354,16885,469,2.7,17634,17191,443,2.5,17206,16401,805,4.7,17235,16710,525,3,17685,17234,451,2.6
"2819","51025",6023,5724,299,5,6060,5778,282,4.7,5921,5434,487,8.2,5777,5420,357,6.2,5887,5619,268,4.6
"2820","51027",6956,6574,382,5.5,6820,6444,376,5.5,6400,5771,629,9.8,6168,5758,410,6.6,6354,6053,301,4.7
"2821","51029",6338,6053,285,4.5,6546,6276,270,4.1,6292,5812,480,7.6,6308,5982,326,5.2,6452,6198,254,3.9
"2822","51031",25997,25113,884,3.4,26136,25329,807,3.1,25602,24051,1551,6.1,25393,24421,972,3.8,25843,25039,804,3.1
"2823","51033",15207,14675,532,3.5,15248,14761,487,3.2,14944,13903,1041,7,14911,14272,639,4.3,15392,14892,500,3.2
"2824","51035",13343,12859,484,3.6,13328,12856,472,3.5,13129,12013,1116,8.5,12805,12274,531,4.1,12931,12475,456,3.5
"2825","51036",3657,3510,147,4,3679,3553,126,3.4,3513,3271,242,6.9,3505,3353,152,4.3,3606,3494,112,3.1
"2826","51037",5230,5037,193,3.7,5278,5093,185,3.5,5083,4789,294,5.8,5270,5073,197,3.7,5596,5428,168,3
"2827","51041",186885,181386,5499,2.9,190013,184840,5173,2.7,187222,175853,11369,6.1,187364,180538,6826,3.6,193994,188569,5425,2.8
"2828","51043",7532,7312,220,2.9,7690,7502,188,2.4,7429,7076,353,4.8,7486,7252,234,3.1,7687,7491,196,2.5
"2829","51045",2299,2216,83,3.6,2350,2277,73,3.1,2258,2138,120,5.3,2256,2181,75,3.3,2315,2245,70,3
"2830","51047",24379,23673,706,2.9,25092,24447,645,2.6,24715,23451,1264,5.1,24880,24067,813,3.3,25586,24872,714,2.8
"2831","51049",4667,4514,153,3.3,4682,4542,140,3,4576,4288,288,6.3,4607,4410,197,4.3,4794,4633,161,3.4
"2832","51051",4541,4306,235,5.2,4701,4470,231,4.9,4723,4334,389,8.2,4669,4421,248,5.3,4555,4355,200,4.4
"2833","51053",13605,13126,479,3.5,13688,13242,446,3.3,13392,12507,885,6.6,13452,12850,602,4.5,13820,13369,451,3.3
"2834","51057",5528,5316,212,3.8,5524,5329,195,3.5,5457,5065,392,7.2,5430,5173,257,4.7,5507,5318,189,3.4
"2835","51059",629542,613987,15555,2.5,637160,622620,14540,2.3,624147,586488,37659,6,623248,601506,21742,3.5,639598,623827,15771,2.5
"2836","51061",36835,35867,968,2.6,37735,36824,911,2.4,36535,34755,1780,4.9,36720,35614,1106,3,37804,36837,967,2.6
"2837","51063",8142,7919,223,2.7,8268,8058,210,2.5,8092,7669,423,5.2,8246,7987,259,3.1,8485,8272,213,2.5
"2838","51065",13724,13378,346,2.5,14312,13985,327,2.3,13718,12970,748,5.5,13812,13361,451,3.3,14238,13873,365,2.6
"2839","51067",26289,25475,814,3.1,26544,25772,772,2.9,25984,24518,1466,5.6,25924,24999,925,3.6,26517,25735,782,2.9
"2840","51069",47549,46301,1248,2.6,48777,47603,1174,2.4,49136,46783,2353,4.8,49819,48360,1459,2.9,51483,50233,1250,2.4
"2841","51071",7867,7603,264,3.4,7939,7683,256,3.2,7743,7242,501,6.5,7827,7555,272,3.5,8121,7866,255,3.1
"2842","51073",19562,19032,530,2.7,19711,19209,502,2.5,19181,18100,1081,5.6,19188,18539,649,3.4,19534,19003,531,2.7
"2843","51075",11170,10836,334,3,11475,11162,313,2.7,11351,10786,565,5,11440,11088,352,3.1,11858,11535,323,2.7
"2844","51077",7698,7463,235,3.1,8099,7868,231,2.9,7974,7499,475,6,7768,7504,264,3.4,8048,7836,212,2.6
"2845","51079",10349,10086,263,2.5,10627,10380,247,2.3,10296,9740,556,5.4,10344,10034,310,3,10661,10404,257,2.4
"2846","51081",4389,4228,161,3.7,4298,4153,145,3.4,4235,3941,294,6.9,4303,4094,209,4.9,4352,4187,165,3.8
"2847","51083",15215,14589,626,4.1,15614,15006,608,3.9,15091,13991,1100,7.3,15019,14305,714,4.8,15409,14812,597,3.9
"2848","51085",59022,57471,1551,2.6,59603,58169,1434,2.4,57676,54782,2894,5,57957,56232,1725,3,60172,58700,1472,2.4
"2849","51087",181509,176032,5477,3,183127,178033,5094,2.8,180336,168231,12105,6.7,179815,172692,7123,4,185715,180462,5253,2.8
"2850","51089",23768,22882,886,3.7,23847,23056,791,3.3,23636,21768,1868,7.9,23624,22519,1105,4.7,23815,22997,818,3.4
"2851","51091",1260,1225,35,2.8,1255,1222,33,2.6,1225,1177,48,3.9,1241,1205,36,2.9,1399,1367,32,2.3
"2852","51093",19427,18849,578,3,19652,19108,544,2.8,19268,18259,1009,5.2,19379,18706,673,3.5,19716,19164,552,2.8
"2853","51095",36646,35579,1067,2.9,36914,35941,973,2.6,36839,34213,2626,7.1,36503,35061,1442,4,37036,35960,1076,2.9
"2854","51097",3866,3748,118,3.1,3882,3774,108,2.8,3853,3650,203,5.3,3847,3725,122,3.2,3947,3843,104,2.6
"2855","51099",13249,12855,394,3,13510,13152,358,2.6,13789,13148,641,4.6,14028,13617,411,2.9,14416,14045,371,2.6
"2856","51101",9119,8849,270,3,9279,9030,249,2.7,9238,8728,510,5.5,9282,8972,310,3.3,9589,9334,255,2.7
"2857","51103",5314,5081,233,4.4,5421,5189,232,4.3,5331,4928,403,7.6,5273,4992,281,5.3,5418,5224,194,3.6
"2858","51105",8341,7997,344,4.1,8333,7998,335,4,8252,7704,548,6.6,8088,7756,332,4.1,8222,7911,311,3.8
"2859","51107",220513,215012,5501,2.5,227523,222301,5222,2.3,225807,213383,12424,5.5,225653,218649,7004,3.1,232532,226976,5556,2.4
"2860","51109",19841,19285,556,2.8,20162,19626,536,2.7,19884,18809,1075,5.4,20142,19459,683,3.4,20876,20309,567,2.7
"2861","51111",5342,5169,173,3.2,5338,5170,168,3.1,5221,4936,285,5.5,5111,4915,196,3.8,5198,5019,179,3.4
"2862","51113",7302,7123,179,2.5,7463,7299,164,2.2,7286,6998,288,4,7401,7215,186,2.5,7586,7417,169,2.2
"2863","51115",4139,4014,125,3,4184,4065,119,2.8,3993,3788,205,5.1,4009,3882,127,3.2,4096,3979,117,2.9
"2864","51117",12719,12199,520,4.1,12717,12213,504,4,12601,11715,886,7,12566,11970,596,4.7,13107,12637,470,3.6
"2865","51119",5253,5110,143,2.7,5280,5146,134,2.5,5122,4851,271,5.3,5144,4969,175,3.4,5315,5169,146,2.7
"2866","51121",50065,48582,1483,3,50598,49190,1408,2.8,48776,46362,2414,4.9,49876,48372,1504,3,51961,50525,1436,2.8
"2867","51125",7349,7120,229,3.1,7572,7365,207,2.7,7186,6764,422,5.9,7232,6977,255,3.5,7396,7191,205,2.8
"2868","51127",12447,12108,339,2.7,12882,12579,303,2.4,12682,12085,597,4.7,12790,12410,380,3,13258,12941,317,2.4
"2869","51131",5406,5112,294,5.4,5463,5221,242,4.4,5391,4956,435,8.1,5432,5147,285,5.2,5536,5342,194,3.5
"2870","51133",5563,5315,248,4.5,5687,5444,243,4.3,5631,5258,373,6.6,5547,5278,269,4.8,5584,5362,222,4
"2871","51135",7241,7017,224,3.1,7303,7103,200,2.7,7157,6781,376,5.3,7119,6857,262,3.7,7245,7023,222,3.1
"2872","51137",17084,16565,519,3,17429,16911,518,3,17042,16047,995,5.8,17180,16553,627,3.6,17595,17071,524,3
"2873","51139",11940,11439,501,4.2,12079,11618,461,3.8,11957,11048,909,7.6,12020,11464,556,4.6,12215,11801,414,3.4
"2874","51141",7465,7175,290,3.9,7395,7142,253,3.4,7194,6684,510,7.1,7142,6823,319,4.5,7166,6909,257,3.6
"2875","51143",30612,29521,1091,3.6,30169,29168,1001,3.3,29796,27807,1989,6.7,29678,28488,1190,4,30176,29229,947,3.1
"2876","51145",14083,13704,379,2.7,14383,14022,361,2.5,14080,13375,705,5,14153,13742,411,2.9,14698,14325,373,2.5
"2877","51147",10444,10041,403,3.9,10463,10073,390,3.7,10086,9412,674,6.7,10017,9531,486,4.9,9978,9584,394,3.9
"2878","51149",15047,14498,549,3.6,15208,14702,506,3.3,14895,13895,1000,6.7,14931,14258,673,4.5,15425,14897,528,3.4
"2879","51153",243484,236756,6728,2.8,248238,241973,6265,2.5,246236,229633,16603,6.7,245005,235333,9672,3.9,251206,244349,6857,2.7
"2880","51155",16037,15480,557,3.5,16274,15727,547,3.4,16123,14810,1313,8.1,16099,15460,639,4,16647,16132,515,3.1
"2881","51157",3655,3554,101,2.8,3776,3682,94,2.5,3602,3431,171,4.7,3636,3529,107,2.9,3719,3625,94,2.5
"2882","51159",4066,3939,127,3.1,4081,3960,121,3,4014,3811,203,5.1,3973,3833,140,3.5,3995,3880,115,2.9
"2883","51161",49269,47922,1347,2.7,49858,48606,1252,2.5,48770,46198,2572,5.3,48627,47089,1538,3.2,49877,48598,1279,2.6
"2884","51163",10611,10291,320,3,10840,10547,293,2.7,10373,9781,592,5.7,10523,10132,391,3.7,10827,10516,311,2.9
"2885","51165",41252,40145,1107,2.7,42678,41674,1004,2.4,41503,39479,2024,4.9,41987,40739,1248,3,42950,41852,1098,2.6
"2886","51167",11232,10750,482,4.3,11280,10813,467,4.1,11128,10361,767,6.9,10772,10302,470,4.4,10921,10531,390,3.6
"2887","51169",9137,8838,299,3.3,9137,8854,283,3.1,8946,8448,498,5.6,8909,8587,322,3.6,9222,8926,296,3.2
"2888","51171",22261,21623,638,2.9,22346,21783,563,2.5,22035,20827,1208,5.5,21842,21057,785,3.6,22075,21455,620,2.8
"2889","51173",13716,13167,549,4,13749,13242,507,3.7,13347,12453,894,6.7,13568,13002,566,4.2,13569,13138,431,3.2
"2890","51175",9066,8813,253,2.8,9162,8920,242,2.6,9037,8575,462,5.1,8850,8541,309,3.5,8884,8634,250,2.8
"2891","51177",66424,64377,2047,3.1,68420,66450,1970,2.9,67617,63432,4185,6.2,67579,65012,2567,3.8,69507,67457,2050,2.9
"2892","51179",71426,69301,2125,3,73873,71853,2020,2.7,73380,69118,4262,5.8,73479,70794,2685,3.7,75743,73567,2176,2.9
"2893","51181",3766,3637,129,3.4,3682,3557,125,3.4,3582,3369,213,5.9,3565,3430,135,3.8,3610,3503,107,3
"2894","51183",3776,3588,188,5,3784,3613,171,4.5,3672,3344,328,8.9,3653,3421,232,6.4,3699,3542,157,4.2
"2895","51185",15974,15266,708,4.4,15723,15045,678,4.3,15427,14203,1224,7.9,15126,14328,798,5.3,15381,14730,651,4.2
"2896","51187",20253,19627,626,3.1,20626,20049,577,2.8,20221,18999,1222,6,20211,19490,721,3.6,20781,20185,596,2.9
"2897","51191",26772,25862,910,3.4,26415,25537,878,3.3,25815,24262,1553,6,25578,24659,919,3.6,26424,25653,771,2.9
"2898","51193",9408,9062,346,3.7,9546,9214,332,3.5,9470,8895,575,6.1,9609,9185,424,4.4,9596,9292,304,3.2
"2899","51195",13262,12603,659,5,13390,12776,614,4.6,13054,12032,1022,7.8,12744,12075,669,5.2,12808,12279,529,4.1
"2900","51197",13783,13266,517,3.8,13774,13285,489,3.6,13785,12680,1105,8,13639,13086,553,4.1,14127,13695,432,3.1
"2901","51199",32790,31870,920,2.8,33214,32336,878,2.6,32597,30724,1873,5.7,32540,31462,1078,3.3,33233,32313,920,2.8
"2902","51510",100401,98108,2293,2.3,101228,99085,2143,2.1,98782,92614,6168,6.2,98648,94940,3708,3.8,100923,98539,2384,2.4
"2903","51520",7206,6934,272,3.8,7319,7046,273,3.7,7517,6928,589,7.8,7405,7056,349,4.7,7587,7329,258,3.4
"2904","51530",3364,3258,106,3.2,3476,3383,93,2.7,3181,2997,184,5.8,2992,2874,118,3.9,3087,2992,95,3.1
"2905","51540",26070,25402,668,2.6,26240,25623,617,2.4,25133,23437,1696,6.7,25037,24122,915,3.7,25767,25093,674,2.6
"2906","51550",122800,119058,3742,3,124674,121122,3552,2.8,122286,114549,7737,6.3,121943,117268,4675,3.8,124126,120472,3654,2.9
"2907","51570",8773,8479,294,3.4,8591,8315,276,3.2,8336,7716,620,7.4,8316,7922,394,4.7,8551,8275,276,3.2
"2908","51580",2410,2297,113,4.7,2415,2317,98,4.1,2403,2163,240,10,2297,2164,133,5.8,2303,2208,95,4.1
"2909","51590",19654,18651,1003,5.1,19183,18231,952,5,19160,17236,1924,10,18632,17447,1185,6.4,18713,17844,869,4.6
"2910","51595",2343,2231,112,4.8,2311,2197,114,4.9,2339,2072,267,11.4,2356,2175,181,7.7,2340,2230,110,4.7
"2911","51600",13327,13021,306,2.3,13225,12942,283,2.1,12618,11859,759,6,12596,12165,431,3.4,12929,12613,316,2.4
"2912","51610",8516,8331,185,2.2,8561,8383,178,2.1,8207,7882,325,4,8308,8086,222,2.7,8573,8384,189,2.2
"2913","51620",3604,3446,158,4.4,3599,3457,142,3.9,3629,3314,315,8.7,3521,3286,235,6.7,3456,3315,141,4.1
"2914","51630",14020,13531,489,3.5,14182,13707,475,3.3,14100,13060,1040,7.4,14035,13382,653,4.7,14388,13904,484,3.4
"2915","51640",2942,2840,102,3.5,2927,2833,94,3.2,2868,2638,230,8,2823,2705,118,4.2,2852,2763,89,3.1
"2916","51650",64521,61892,2629,4.1,64920,62484,2436,3.8,64671,58980,5691,8.8,63928,60381,3547,5.5,64520,62037,2483,3.8
"2917","51660",24655,23790,865,3.5,24788,23993,795,3.2,24232,22621,1611,6.6,24355,23361,994,4.1,24936,24076,860,3.4
"2918","51670",9686,9219,467,4.8,9666,9251,415,4.3,9687,8601,1086,11.2,9512,8823,689,7.2,9655,9229,426,4.4
"2919","51678",2086,1987,99,4.7,2096,1998,98,4.7,2032,1885,147,7.2,2090,1986,104,5,2222,2130,92,4.1
"2920","51680",36391,34924,1467,4,36639,35287,1352,3.7,35666,32975,2691,7.5,35240,33459,1781,5.1,35743,34346,1397,3.9
"2921","51683",21861,21267,594,2.7,21887,21338,549,2.5,21381,19927,1454,6.8,21263,20432,831,3.9,21774,21203,571,2.6
"2922","51685",9300,9045,255,2.7,9525,9290,235,2.5,9661,8992,669,6.9,9590,9227,363,3.8,9810,9562,248,2.5
"2923","51690",5492,5238,254,4.6,5487,5264,223,4.1,5627,4990,637,11.3,5557,5149,408,7.3,5552,5297,255,4.6
"2924","51700",88931,85683,3248,3.7,89733,86656,3077,3.4,89148,81125,8023,9,87840,83045,4795,5.5,88569,85347,3222,3.6
"2925","51710",111790,107699,4091,3.7,111805,107964,3841,3.4,111223,101190,10033,9,109711,103587,6124,5.6,110356,106458,3898,3.5
"2926","51720",1672,1605,67,4,1684,1623,61,3.6,1652,1525,127,7.7,1609,1529,80,5,1598,1538,60,3.8
"2927","51730",13039,12233,806,6.2,12953,12229,724,5.6,13043,11124,1919,14.7,12709,11418,1291,10.2,12646,11933,713,5.6
"2928","51735",6387,6215,172,2.7,6472,6317,155,2.4,6199,5929,270,4.4,6246,6071,175,2.8,6379,6222,157,2.5
"2929","51740",44342,42519,1823,4.1,44480,42753,1727,3.9,44758,40364,4394,9.8,44192,41329,2863,6.5,44170,42462,1708,3.9
"2930","51750",8650,8320,330,3.8,8727,8419,308,3.5,8496,7941,555,6.5,8639,8283,356,4.1,8987,8668,319,3.5
"2931","51760",118035,113838,4197,3.6,119328,115433,3895,3.3,119939,109002,10937,9.1,118245,111931,6314,5.3,120998,116881,4117,3.4
"2932","51770",49080,47482,1598,3.3,49212,47724,1488,3,49070,45160,3910,8,48354,46035,2319,4.8,49077,47513,1564,3.2
"2933","51775",12957,12569,388,3,12917,12560,357,2.8,12668,11907,761,6,12579,12129,450,3.6,12905,12531,374,2.9
"2934","51790",12064,11718,346,2.9,12282,11954,328,2.7,12180,11384,796,6.5,12049,11588,461,3.8,12420,12080,340,2.7
"2935","51800",44684,43234,1450,3.2,45399,44032,1367,3,45083,42082,3001,6.7,45037,43069,1968,4.4,45681,44255,1426,3.1
"2936","51810",233270,226560,6710,2.9,234572,228302,6270,2.7,229506,214678,14828,6.5,228327,219893,8434,3.7,232263,225770,6493,2.8
"2937","51820",10563,10220,343,3.2,10728,10420,308,2.9,10589,9863,726,6.9,10471,10038,433,4.1,10795,10472,323,3
"2938","51830",6700,6428,272,4.1,6765,6505,260,3.8,6797,6223,574,8.4,6699,6375,324,4.8,6824,6545,279,4.1
"2939","51840",14604,14167,437,3,14815,14404,411,2.8,14599,13699,900,6.2,14670,14155,515,3.5,15098,14687,411,2.7
"2940","53001",9426,8914,512,5.4,9970,9402,568,5.7,9434,8762,672,7.1,9836,9298,538,5.5,9947,9436,511,5.1
"2941","53003",10241,9801,440,4.3,10454,10021,433,4.1,10502,9966,536,5.1,10552,10147,405,3.8,10654,10235,419,3.9
"2942","53005",99495,94292,5203,5.2,104008,98501,5507,5.3,103942,95516,8426,8.1,104008,98090,5918,5.7,106236,100878,5358,5
"2943","53007",45344,43272,2072,4.6,45431,43199,2232,4.9,44640,40958,3682,8.2,44341,41948,2393,5.4,44776,42616,2160,4.8
"2944","53009",28248,26447,1801,6.4,29090,27152,1938,6.7,29351,26381,2970,10.1,29029,27107,1922,6.6,29022,27276,1746,6
"2945","53011",234201,223014,11187,4.8,246958,235243,11715,4.7,247678,226978,20700,8.4,243695,230205,13490,5.5,249056,237315,11741,4.7
"2946","53013",1800,1701,99,5.5,1835,1735,100,5.4,1744,1618,126,7.2,1750,1654,96,5.5,1776,1679,97,5.5
"2947","53015",46552,43800,2752,5.9,48395,45473,2922,6,48972,44466,4506,9.2,48156,45062,3094,6.4,48987,46205,2782,5.7
"2948","53017",21856,20696,1160,5.3,22304,21044,1260,5.6,21510,19712,1798,8.4,21407,20189,1218,5.7,21963,20798,1165,5.3
"2949","53019",2520,2228,292,11.6,2529,2242,287,11.3,2469,2187,282,11.4,2321,2113,208,9,2273,2054,219,9.6
"2950","53021",41864,39315,2549,6.1,43398,40588,2810,6.5,43327,39497,3830,8.8,43180,40292,2888,6.7,44261,41534,2727,6.2
"2951","53023",909,857,52,5.7,916,865,51,5.6,828,759,69,8.3,806,757,49,6.1,801,745,56,7
"2952","53025",46751,43838,2913,6.2,47694,44413,3281,6.9,47795,43627,4168,8.7,46834,43693,3141,6.7,49103,46143,2960,6
"2953","53027",28387,26481,1906,6.7,29206,27117,2089,7.2,29175,25776,3399,11.7,28778,26535,2243,7.8,29198,27237,1961,6.7
"2954","53029",34839,33024,1815,5.2,36279,34425,1854,5.1,36606,33616,2990,8.2,36230,34162,2068,5.7,36831,35010,1821,4.9
"2955","53031",12327,11616,711,5.8,12982,12239,743,5.7,13109,11879,1230,9.4,12717,11918,799,6.3,12682,11978,704,5.6
"2956","53033",1262879,1221525,41354,3.3,1288392,1253834,34558,2.7,1284350,1184981,99369,7.7,1279701,1226727,52974,4.1,1319911,1281609,38302,2.9
"2957","53035",124105,118376,5729,4.6,129614,123638,5976,4.6,130046,120108,9938,7.6,127157,120604,6553,5.2,129146,123313,5833,4.5
"2958","53037",22136,20927,1209,5.5,23820,22527,1293,5.4,22648,20640,2008,8.9,21726,20332,1394,6.4,22514,21199,1315,5.8
"2959","53039",10141,9567,574,5.7,10374,9759,615,5.9,9901,9099,802,8.1,9892,9275,617,6.2,9832,9259,573,5.8
"2960","53041",34093,31956,2137,6.3,35211,33022,2189,6.2,35187,31912,3275,9.3,34467,32262,2205,6.4,34855,32755,2100,6
"2961","53043",5100,4852,248,4.9,5085,4827,258,5.1,4721,4406,315,6.7,4629,4395,234,5.1,4645,4395,250,5.4
"2962","53045",24568,23018,1550,6.3,25452,23826,1626,6.4,25664,23147,2517,9.8,25102,23347,1755,7,25346,23741,1605,6.3
"2963","53047",20713,19379,1334,6.4,20623,19224,1399,6.8,19792,18048,1744,8.8,19350,18053,1297,6.7,19593,18337,1256,6.4
"2964","53049",8455,7873,582,6.9,8615,8006,609,7.1,8423,7506,917,10.9,8478,7807,671,7.9,8762,8164,598,6.8
"2965","53051",4868,4521,347,7.1,5089,4683,406,8,5090,4564,526,10.3,5104,4713,391,7.7,5163,4806,357,6.9
"2966","53053",427891,405803,22088,5.2,446672,423491,23181,5.2,455770,412397,43373,9.5,445825,418632,27193,6.1,453584,430230,23354,5.1
"2967","53055",8323,7999,324,3.9,8726,8391,335,3.8,8256,7593,663,8,8382,7959,423,5,8865,8516,349,3.9
"2968","53057",60855,57699,3156,5.2,63819,60332,3487,5.5,63026,56908,6118,9.7,61280,57381,3899,6.4,61757,58498,3259,5.3
"2969","53059",5379,5080,299,5.6,5671,5362,309,5.4,5543,5038,505,9.1,5453,5104,349,6.4,5565,5271,294,5.3
"2970","53061",430205,414869,15336,3.6,438686,425807,12879,2.9,440728,402364,38364,8.7,437436,416470,20966,4.8,449837,435227,14610,3.2
"2971","53063",246486,233663,12823,5.2,257459,243815,13644,5.3,259796,237347,22449,8.6,259279,245137,14142,5.5,263187,250541,12646,4.8
"2972","53065",18472,17158,1314,7.1,19153,17798,1355,7.1,18789,17052,1737,9.2,18889,17607,1282,6.8,19223,17931,1292,6.7
"2973","53067",138732,132120,6612,4.8,143939,136894,7045,4.9,145539,133596,11943,8.2,144912,137276,7636,5.3,148608,141683,6925,4.7
"2974","53069",1339,1250,89,6.6,1387,1295,92,6.6,1411,1289,122,8.6,1345,1254,91,6.8,1376,1283,93,6.8
"2975","53071",29495,28107,1388,4.7,30465,28959,1506,4.9,30351,28291,2060,6.8,30395,28914,1481,4.9,30723,29306,1417,4.6
"2976","53073",112225,106891,5334,4.8,116473,110600,5873,5,115134,104424,10710,9.3,112503,105678,6825,6.1,115087,109454,5633,4.9
"2977","53075",23666,22629,1037,4.4,24400,23327,1073,4.4,22532,21254,1278,5.7,23425,22400,1025,4.4,23236,22150,1086,4.7
"2978","53077",129654,121436,8218,6.3,133308,123890,9418,7.1,132309,119710,12599,9.5,130342,121211,9131,7,131967,123515,8452,6.4
"2979","54001",6929,6521,408,5.9,7188,6758,430,6,7168,6578,590,8.2,7188,6807,381,5.3,7379,7056,323,4.4
"2980","54003",58010,55694,2316,4,58935,56821,2114,3.6,57863,54316,3547,6.1,59357,57192,2165,3.6,60015,58268,1747,2.9
"2981","54005",7517,7066,451,6,7373,6967,406,5.5,7333,6574,759,10.4,7100,6663,437,6.2,7060,6740,320,4.5
"2982","54007",5146,4790,356,6.9,5233,4842,391,7.5,5176,4649,527,10.2,5059,4717,342,6.8,5029,4722,307,6.1
"2983","54009",9949,9355,594,6,9970,9448,522,5.2,9720,8862,858,8.8,9822,9223,599,6.1,9877,9428,449,4.5
"2984","54011",41411,39490,1921,4.6,41366,39631,1735,4.2,41262,38012,3250,7.9,40957,39023,1934,4.7,41507,40036,1471,3.5
"2985","54013",2439,2188,251,10.3,2558,2224,334,13.1,2484,2088,396,15.9,2445,2191,254,10.4,2460,2258,202,8.2
"2986","54015",3147,2887,260,8.3,3144,2873,271,8.6,3094,2710,384,12.4,2986,2752,234,7.8,2963,2786,177,6
"2987","54017",3994,3840,154,3.9,3996,3817,179,4.5,3885,3650,235,6,3866,3706,160,4.1,3849,3731,118,3.1
"2988","54019",16037,15035,1002,6.2,16216,15290,926,5.7,15954,14378,1576,9.9,15663,14676,987,6.3,15725,14991,734,4.7
"2989","54021",2387,2238,149,6.2,2371,2209,162,6.8,2286,2056,230,10.1,2333,2173,160,6.9,2348,2226,122,5.2
"2990","54023",5871,5543,328,5.6,5957,5628,329,5.5,5888,5511,377,6.4,5970,5701,269,4.5,5957,5737,220,3.7
"2991","54025",15776,14988,788,5,15969,15223,746,4.7,15476,14245,1231,8,15724,15016,708,4.5,15484,14899,585,3.8
"2992","54027",10497,10056,441,4.2,10661,10245,416,3.9,10603,10026,577,5.4,10930,10551,379,3.5,11233,10936,297,2.6
"2993","54029",13005,12253,752,5.8,13075,12395,680,5.2,12941,11663,1278,9.9,12941,12128,813,6.3,13031,12393,638,4.9
"2994","54031",5833,5518,315,5.4,5797,5497,300,5.2,5723,5315,408,7.1,5631,5350,281,5,5697,5467,230,4
"2995","54033",34410,32880,1530,4.4,34525,32975,1550,4.5,33564,30931,2633,7.8,33501,31912,1589,4.7,33748,32532,1216,3.6
"2996","54035",16345,15703,642,3.9,13340,12662,678,5.1,12452,11388,1064,8.5,11750,11068,682,5.8,11753,11245,508,4.3
"2997","54037",29972,28986,986,3.3,30512,29554,958,3.1,29547,27807,1740,5.9,30207,29256,951,3.1,30814,30049,765,2.5
"2998","54039",83216,78999,4217,5.1,82453,78636,3817,4.6,81938,74795,7143,8.7,80038,75807,4231,5.3,79669,76671,2998,3.8
"2999","54041",6731,6362,369,5.5,6795,6369,426,6.3,6177,5510,667,10.8,6118,5692,426,7,6367,6069,298,4.7
"3000","54043",7183,6695,488,6.8,7204,6744,460,6.4,7078,6372,706,10,7004,6541,463,6.6,7062,6708,354,5
"3001","54045",10835,10099,736,6.8,11149,10483,666,6,11023,9704,1319,12,11035,10310,725,6.6,11235,10755,480,4.3
"3002","54047",4500,4085,415,9.2,4453,4043,410,9.2,4392,3850,542,12.3,4191,3841,350,8.4,4105,3847,258,6.3
"3003","54049",25452,24022,1430,5.6,25686,24372,1314,5.1,24823,22688,2135,8.6,24851,23534,1317,5.3,25292,24195,1097,4.3
"3004","54051",14280,13465,815,5.7,14137,13230,907,6.4,13323,12011,1312,9.8,13213,12384,829,6.3,13063,12409,654,5
"3005","54053",10018,9331,687,6.9,10272,9656,616,6,10204,9350,854,8.4,10312,9747,565,5.5,10450,10003,447,4.3
"3006","54055",21185,19878,1307,6.2,20944,19743,1201,5.7,20664,18761,1903,9.2,20482,19241,1241,6.1,20514,19598,916,4.5
"3007","54057",12407,11736,671,5.4,12606,11879,727,5.8,12023,11123,900,7.5,12117,11542,575,4.7,12526,12054,472,3.8
"3008","54059",6906,6391,515,7.5,6889,6419,470,6.8,6700,5751,949,14.2,6210,5659,551,8.9,6361,6005,356,5.6
"3009","54061",54210,52029,2181,4,54683,52681,2002,3.7,53991,50605,3386,6.3,54912,52687,2225,4.1,55550,53656,1894,3.4
"3010","54063",5848,5571,277,4.7,5990,5726,264,4.4,5970,5551,419,7,6022,5795,227,3.8,6191,5982,209,3.4
"3011","54065",8041,7701,340,4.2,8202,7881,321,3.9,8206,7714,492,6,8395,8095,300,3.6,8551,8310,241,2.8
"3012","54067",9378,8785,593,6.3,9458,8855,603,6.4,9247,8287,960,10.4,8979,8438,541,6,8974,8558,416,4.6
"3013","54069",21532,20559,973,4.5,21162,20199,963,4.6,20169,18493,1676,8.3,20107,19064,1043,5.2,19894,19102,792,4
"3014","54071",3568,3437,131,3.7,3691,3547,144,3.9,3620,3443,177,4.9,3720,3606,114,3.1,3826,3728,98,2.6
"3015","54073",2871,2696,175,6.1,2906,2706,200,6.9,2667,2372,295,11.1,2672,2481,191,7.1,2673,2530,143,5.3
"3016","54075",3836,3604,232,6,3894,3673,221,5.7,3783,3438,345,9.1,3863,3667,196,5.1,4024,3865,159,4
"3017","54077",15480,14684,796,5.1,15536,14818,718,4.6,15172,14070,1102,7.3,15400,14685,715,4.6,15600,14973,627,4
"3018","54079",26628,25343,1285,4.8,26893,25714,1179,4.4,26732,24778,1954,7.3,26581,25440,1141,4.3,27011,26119,892,3.3
"3019","54081",29990,28452,1538,5.1,30456,29020,1436,4.7,30004,27357,2647,8.8,29480,27907,1573,5.3,29605,28513,1092,3.7
"3020","54083",12147,11491,656,5.4,12378,11638,740,6,12137,11036,1101,9.1,11870,11199,671,5.7,11776,11226,550,4.7
"3021","54085",4354,4125,229,5.3,4397,4145,252,5.7,4335,3977,358,8.3,4298,4057,241,5.6,4228,4052,176,4.2
"3022","54087",4994,4609,385,7.7,5118,4624,494,9.7,5068,4448,620,12.2,4946,4526,420,8.5,4969,4654,315,6.3
"3023","54089",4250,3995,255,6,4343,4102,241,5.5,4321,3988,333,7.7,4459,4247,212,4.8,4632,4461,171,3.7
"3024","54091",7858,7484,374,4.8,7903,7516,387,4.9,7693,7132,561,7.3,7782,7416,366,4.7,7925,7622,303,3.8
"3025","54093",3360,3179,181,5.4,3344,3170,174,5.2,3293,3021,272,8.3,3400,3217,183,5.4,3517,3382,135,3.8
"3026","54095",3129,2905,224,7.2,3157,2912,245,7.8,3001,2684,317,10.6,2924,2689,235,8,2909,2736,173,5.9
"3027","54097",9487,8954,533,5.6,9637,9059,578,6,9527,8628,899,9.4,9629,9031,598,6.2,9658,9193,465,4.8
"3028","54099",15748,14827,921,5.8,15747,14889,858,5.4,15509,14217,1292,8.3,15399,14593,806,5.2,15595,14976,619,4
"3029","54101",3201,3001,200,6.2,3311,3101,210,6.3,3253,2950,303,9.3,3202,3004,198,6.2,3158,3014,144,4.6
"3030","54103",6622,6156,466,7,6618,6135,483,7.3,6473,5829,644,9.9,6525,6079,446,6.8,6462,6102,360,5.6
"3031","54105",2233,2080,153,6.9,2312,2129,183,7.9,2225,1987,238,10.7,2236,2065,171,7.6,2256,2124,132,5.9
"3032","54107",36396,34446,1950,5.4,36741,34852,1889,5.1,35960,32828,3132,8.7,35974,34049,1925,5.4,36439,34947,1492,4.1
"3033","54109",6869,6398,471,6.9,6655,6187,468,7,6803,6134,669,9.8,6980,6567,413,5.9,7125,6816,309,4.3
"3034","55001",8191,7807,384,4.7,8163,7768,395,4.8,8110,7325,785,9.7,7913,7422,491,6.2,7703,7333,370,4.8
"3035","55003",7918,7583,335,4.2,7881,7522,359,4.6,7673,7009,664,8.7,7620,7230,390,5.1,7450,7158,292,3.9
"3036","55005",24947,24113,834,3.3,24409,23486,923,3.8,24081,22602,1479,6.1,24121,23171,950,3.9,23673,22881,792,3.3
"3037","55007",7584,7217,367,4.8,7569,7166,403,5.3,7543,6844,699,9.3,7513,7079,434,5.8,7338,6989,349,4.8
"3038","55009",142893,138989,3904,2.7,141814,137618,4196,3,141328,132694,8634,6.1,141096,136228,4868,3.5,141235,137547,3688,2.6
"3039","55011",6608,6383,225,3.4,6455,6201,254,3.9,6397,5918,479,7.5,6311,6041,270,4.3,6157,5920,237,3.8
"3040","55013",7309,6974,335,4.6,7142,6779,363,5.1,7244,6583,661,9.1,7331,6937,394,5.4,7158,6827,331,4.6
"3041","55015",27753,27040,713,2.6,27535,26798,737,2.7,27303,26004,1299,4.8,27459,26675,784,2.9,27499,26859,640,2.3
"3042","55017",33401,32312,1089,3.3,33423,32216,1207,3.6,33125,31038,2087,6.3,33581,32243,1338,4,33614,32504,1110,3.3
"3043","55019",18052,17538,514,2.8,17750,17194,556,3.1,17564,16764,800,4.6,17730,17152,578,3.3,17517,17054,463,2.6
"3044","55021",31516,30669,847,2.7,31728,30801,927,2.9,31417,29537,1880,6,31673,30587,1086,3.4,31740,30907,833,2.6
"3045","55023",7849,7562,287,3.7,7592,7287,305,4,7431,6880,551,7.4,7418,7084,334,4.5,7037,6770,267,3.8
"3046","55025",320543,313399,7144,2.2,324955,317425,7530,2.3,323340,307583,15757,4.9,328495,319051,9444,2.9,329593,322472,7121,2.2
"3047","55027",48047,46794,1253,2.6,47551,46188,1363,2.9,47709,45169,2540,5.3,47950,46410,1540,3.2,47390,46166,1224,2.6
"3048","55029",15441,14892,549,3.6,15346,14797,549,3.6,15069,14032,1037,6.9,15522,14841,681,4.4,15065,14593,472,3.1
"3049","55031",23253,22338,915,3.9,23072,22154,918,4,23372,21230,2142,9.2,22742,21719,1023,4.5,22662,21739,923,4.1
"3050","55033",24407,23669,738,3,24177,23363,814,3.4,23802,22469,1333,5.6,23891,23028,863,3.6,23915,23171,744,3.1
"3051","55035",59158,57625,1533,2.6,58925,57215,1710,2.9,58811,55491,3320,5.6,59655,57701,1954,3.3,59738,58235,1503,2.5
"3052","55037",2272,2185,87,3.8,2214,2114,100,4.5,2202,2024,178,8.1,2220,2113,107,4.8,2141,2065,76,3.5
"3053","55039",57329,55821,1508,2.6,57334,55726,1608,2.8,56178,52841,3337,5.9,56390,54540,1850,3.3,56322,54882,1440,2.6
"3054","55041",3981,3791,190,4.8,4015,3817,198,4.9,3921,3423,498,12.7,3883,3624,259,6.7,3828,3648,180,4.7
"3055","55043",28288,27501,787,2.8,27814,26959,855,3.1,27518,26067,1451,5.3,27240,26396,844,3.1,26960,26221,739,2.7
"3056","55045",21097,20558,539,2.6,21100,20524,576,2.7,20415,19411,1004,4.9,20721,20086,635,3.1,20769,20264,505,2.4
"3057","55047",9722,9401,321,3.3,9466,9117,349,3.7,9294,8651,643,6.9,9320,8913,407,4.4,9132,8828,304,3.3
"3058","55049",13815,13457,358,2.6,13700,13324,376,2.7,13519,12683,836,6.2,13582,13116,466,3.4,13563,13211,352,2.6
"3059","55051",2579,2430,149,5.8,2543,2396,147,5.8,2569,2276,293,11.4,2559,2395,164,6.4,2507,2379,128,5.1
"3060","55053",10583,10257,326,3.1,10259,9882,377,3.7,9985,9049,936,9.4,9526,9034,492,5.2,9350,8995,355,3.8
"3061","55055",46133,44820,1313,2.8,45920,44557,1363,3,45455,42942,2513,5.5,45979,44415,1564,3.4,45889,44653,1236,2.7
"3062","55057",13527,13118,409,3,13475,13050,425,3.2,13411,12435,976,7.3,13420,12837,583,4.3,13265,12838,427,3.2
"3063","55059",89636,86495,3141,3.5,90166,86779,3387,3.8,89716,83288,6428,7.2,89961,86034,3927,4.4,89931,86978,2953,3.3
"3064","55061",11219,10898,321,2.9,11019,10681,338,3.1,10705,10207,498,4.7,10770,10455,315,2.9,10795,10526,269,2.5
"3065","55063",67048,65303,1745,2.6,66220,64393,1827,2.8,65817,62224,3593,5.5,66483,64426,2057,3.1,66334,64691,1643,2.5
"3066","55065",10229,9996,233,2.3,10107,9852,255,2.5,9886,9460,426,4.3,10131,9862,269,2.7,10083,9836,247,2.4
"3067","55067",9498,9124,374,3.9,9312,8944,368,4,9368,8754,614,6.6,9405,8972,433,4.6,9231,8895,336,3.6
"3068","55069",15293,14817,476,3.1,15072,14540,532,3.5,14820,13934,886,6,14773,14224,549,3.7,14710,14261,449,3.1
"3069","55071",41283,40016,1267,3.1,40971,39647,1324,3.2,40769,38218,2551,6.3,40906,39481,1425,3.5,40384,39256,1128,2.8
"3070","55073",74054,72107,1947,2.6,73508,71483,2025,2.8,72991,69316,3675,5,73348,71118,2230,3,72936,71105,1831,2.5
"3071","55075",19635,18853,782,4,19438,18591,847,4.4,19692,18142,1550,7.9,19411,18549,862,4.4,18913,18198,715,3.8
"3072","55077",7708,7437,271,3.5,7740,7451,289,3.7,7730,7206,524,6.8,7744,7395,349,4.5,7617,7348,269,3.5
"3073","55078",1628,1534,94,5.8,1594,1469,125,7.8,1662,1402,260,15.6,1572,1439,133,8.5,1502,1419,83,5.5
"3074","55079",469382,452357,17025,3.6,466224,448434,17790,3.8,467309,428251,39058,8.4,464620,439453,25167,5.4,459063,442178,16885,3.7
"3075","55081",23585,22944,641,2.7,23401,22732,669,2.9,23554,22230,1324,5.6,23541,22763,778,3.3,23119,22503,616,2.7
"3076","55083",20801,20120,681,3.3,20526,19819,707,3.4,20595,19292,1303,6.3,20599,19817,782,3.8,20593,19952,641,3.1
"3077","55085",18181,17539,642,3.5,17897,17163,734,4.1,18020,16707,1313,7.3,18086,17299,787,4.4,17815,17226,589,3.3
"3078","55087",103524,100643,2881,2.8,103426,100503,2923,2.8,103771,98000,5771,5.6,103913,100599,3314,3.2,104010,101397,2613,2.5
"3079","55089",49343,48106,1237,2.5,49143,47806,1337,2.7,48796,46125,2671,5.5,48938,47415,1523,3.1,48795,47593,1202,2.5
"3080","55091",4231,4095,136,3.2,4154,4008,146,3.5,4125,3881,244,5.9,4059,3919,140,3.4,4026,3900,126,3.1
"3081","55093",25507,24699,808,3.2,25372,24555,817,3.2,24920,23163,1757,7.1,24272,23394,878,3.6,24410,23615,795,3.3
"3082","55095",24619,23716,903,3.7,24575,23632,943,3.8,24681,22900,1781,7.2,24560,23505,1055,4.3,24379,23447,932,3.8
"3083","55097",39137,37971,1166,3,38567,37373,1194,3.1,37802,35740,2062,5.5,37857,36501,1356,3.6,37544,36446,1098,2.9
"3084","55099",6644,6399,245,3.7,6461,6190,271,4.2,6266,5836,430,6.9,6266,5998,268,4.3,6192,5981,211,3.4
"3085","55101",99318,95738,3580,3.6,98613,94769,3844,3.9,98166,90950,7216,7.4,98417,93755,4662,4.7,98046,94599,3447,3.5
"3086","55103",9310,9068,242,2.6,9207,8932,275,3,9096,8627,469,5.2,8954,8634,320,3.6,8830,8579,251,2.8
"3087","55105",85125,82374,2751,3.2,85616,82575,3041,3.6,85658,79511,6147,7.2,85988,82108,3880,4.5,85560,82615,2945,3.4
"3088","55107",6966,6691,275,3.9,6728,6415,313,4.7,6599,6157,442,6.7,6536,6246,290,4.4,6454,6216,238,3.7
"3089","55109",50546,49027,1519,3,50773,49161,1612,3.2,50672,47082,3590,7.1,49324,47579,1745,3.5,49555,48040,1515,3.1
"3090","55111",35619,34715,904,2.5,35677,34688,989,2.8,34623,31995,2628,7.6,34591,33177,1414,4.1,34199,33239,960,2.8
"3091","55113",7963,7622,341,4.3,8003,7642,361,4.5,7997,7363,634,7.9,8042,7629,413,5.1,7913,7598,315,4
"3092","55115",21437,20797,640,3,21087,20440,647,3.1,20900,19549,1351,6.5,20949,20154,795,3.8,20411,19816,595,2.9
"3093","55117",62626,61068,1558,2.5,62283,60659,1624,2.6,61852,58273,3579,5.8,61521,59570,1951,3.2,61269,59768,1501,2.4
"3094","55119",11050,10710,340,3.1,10945,10563,382,3.5,11055,10513,542,4.9,11073,10692,381,3.4,10556,10201,355,3.4
"3095","55121",16339,15878,461,2.8,15968,15421,547,3.4,15743,14631,1112,7.1,15400,14816,584,3.8,14842,14382,460,3.1
"3096","55123",15486,15044,442,2.9,15412,14932,480,3.1,15041,14249,792,5.3,15392,14886,506,3.3,15166,14758,408,2.7
"3097","55125",10166,9768,398,3.9,10225,9815,410,4,10381,9628,753,7.3,10466,9964,502,4.8,10148,9754,394,3.9
"3098","55127",58346,56642,1704,2.9,57864,56054,1810,3.1,56854,53369,3485,6.1,57704,55578,2126,3.7,57511,55851,1660,2.9
"3099","55129",7928,7622,306,3.9,7828,7524,304,3.9,7849,7304,545,6.9,7906,7542,364,4.6,7675,7391,284,3.7
"3100","55131",77698,75732,1966,2.5,77471,75362,2109,2.7,76542,72189,4353,5.7,76442,74055,2387,3.1,76351,74489,1862,2.4
"3101","55133",226097,220136,5961,2.6,225691,219419,6272,2.8,223362,210790,12572,5.6,223477,216435,7042,3.2,223209,217639,5570,2.5
"3102","55135",26298,25529,769,2.9,25941,25135,806,3.1,25706,24271,1435,5.6,25835,24908,927,3.6,25151,24401,750,3
"3103","55137",11621,11220,401,3.5,11437,10994,443,3.9,11076,10363,713,6.4,11296,10813,483,4.3,11052,10675,377,3.4
"3104","55139",92298,89788,2510,2.7,91598,88971,2627,2.9,92041,86979,5062,5.5,92137,89129,3008,3.3,92195,89846,2349,2.5
"3105","55141",35278,34073,1205,3.4,35149,33870,1279,3.6,34731,32382,2349,6.8,34242,32711,1531,4.5,33450,32336,1114,3.3
"3106","56001",20439,19762,677,3.3,20438,19796,642,3.1,20563,19792,771,3.7,20651,19939,712,3.4,21252,20589,663,3.1
"3107","56003",5287,5037,250,4.7,5206,4976,230,4.4,5291,5024,267,5,5291,5047,244,4.6,5213,4998,215,4.1
"3108","56005",23090,22143,947,4.1,23230,22349,881,3.8,23184,21572,1612,7,21955,20770,1185,5.4,22583,21780,803,3.6
"3109","56007",7883,7588,295,3.7,7770,7501,269,3.5,7922,7556,366,4.6,7765,7450,315,4.1,7413,7138,275,3.7
"3110","56009",7669,7386,283,3.7,8627,8378,249,2.9,8004,7521,483,6,7501,7129,372,5,7652,7417,235,3.1
"3111","56011",3739,3618,121,3.2,3732,3610,122,3.3,3840,3690,150,3.9,3834,3700,134,3.5,3935,3818,117,3
"3112","56013",18976,17983,993,5.2,18729,17881,848,4.5,19018,17818,1200,6.3,18839,17924,915,4.9,18896,18139,757,4
"3113","56015",6857,6629,228,3.3,6455,6211,244,3.8,6503,6219,284,4.4,6532,6296,236,3.6,6540,6348,192,2.9
"3114","56017",2238,2156,82,3.7,2186,2109,77,3.5,2229,2117,112,5,2256,2166,90,4,2287,2220,67,2.9
"3115","56019",4253,4083,170,4,4154,3998,156,3.8,4173,3941,232,5.6,4248,4067,181,4.3,4276,4128,148,3.5
"3116","56021",48384,46509,1875,3.9,49274,47536,1738,3.5,50108,47523,2585,5.2,49121,47073,2048,4.2,48963,47233,1730,3.5
"3117","56023",8820,8483,337,3.8,9007,8698,309,3.4,9291,8823,468,5,9443,9068,375,4,9608,9279,329,3.4
"3118","56025",39431,37601,1830,4.6,39974,38372,1602,4,40118,36948,3170,7.9,38808,36416,2392,6.2,39179,37602,1577,4
"3119","56027",1286,1251,35,2.7,1224,1189,35,2.9,1233,1187,46,3.7,1254,1208,46,3.7,1225,1190,35,2.9
"3120","56029",15655,14970,685,4.4,15311,14671,640,4.2,15198,14373,825,5.4,15463,14805,658,4.3,15510,14955,555,3.6
"3121","56031",4803,4623,180,3.7,4550,4388,162,3.6,4579,4347,232,5.1,4499,4311,188,4.2,4461,4306,155,3.5
"3122","56033",15799,15157,642,4.1,15537,14970,567,3.6,15997,15197,800,5,16003,15305,698,4.4,16180,15640,540,3.3
"3123","56035",4267,4084,183,4.3,4068,3878,190,4.7,4020,3727,293,7.3,3960,3729,231,5.8,3918,3756,162,4.1
"3124","56037",21373,20475,898,4.2,21208,20362,846,4,20510,18981,1529,7.5,19354,18243,1111,5.7,19507,18696,811,4.2
"3125","56039",15458,14993,465,3,15809,15365,444,2.8,15138,14237,901,6,15906,15375,531,3.3,16647,16193,454,2.7
"3126","56041",9066,8671,395,4.4,9185,8822,363,4,9105,8525,580,6.4,8812,8355,457,5.2,8863,8524,339,3.8
"3127","56043",4075,3902,173,4.2,3864,3704,160,4.1,3944,3736,208,5.3,3939,3776,163,4.1,3858,3704,154,4
"3128","56045",3784,3650,134,3.5,3780,3667,113,3,3788,3642,146,3.9,3718,3595,123,3.3,3792,3691,101,2.7
